"","MONTH","DAY","DAY_OF_WEEK","AIRLINE","ORIGIN_AIRPORT","DESTINATION_AIRPORT","SCHEDULED_DEPARTURE","DEPARTURE_TIME","DEPARTURE_DELAY","SCHEDULED_TIME","ELAPSED_TIME","AIR_TIME","DISTANCE","SCHEDULED_ARRIVAL","ARRIVAL_TIME","ARRIVAL_DELAY","DIVERTED","CANCELLED","AIR_SYSTEM_DELAY","SECURITY_DELAY","AIRLINE_DELAY","LATE_AIRCRAFT_DELAY","WEATHER_DELAY"
"2829050",6,27,6,"AA","ORD","SFO",1003,957,-6,277,257,230,1846,1240,1214,-26,"0","0","0","0","0","0","0"
"585327",2,8,7,"UA","LAS","LAX",1737,1739,2,74,92,45,236,1851,1911,20,"0","0","1","0","0","0","0"
"5449292",12,8,2,"DL","LAX","LAS",710,703,-7,70,66,41,236,820,809,-11,"0","0","0","0","0","0","0"
"5594553",12,17,4,"AA","CLT","ATL",1320,1335,15,79,83,46,226,1439,1458,19,"0","0","1","0","0","1","0"
"1472345",4,5,7,"AA","SFO","DFW",1035,1026,-9,206,202,170,1464,1601,1548,-13,"0","0","0","0","0","0","0"
"3444239",8,3,1,"AA","ORD","CLT",715,715,0,121,109,78,599,1016,1004,-12,"0","0","0","0","0","0","0"
"47453",1,4,7,"OO","LAS","SEA",645,706,21,160,171,151,867,925,957,32,"0","0","1","0","1","0","0"
"3871345",8,28,5,"AA","CLT","ORD",1815,1808,-7,130,110,86,599,1925,1858,-27,"0","0","0","0","0","0","0"
"514906",2,4,3,"UA","LAX","SFO",600,605,5,89,77,51,337,729,722,-7,"0","0","0","0","0","0","0"
"344083",1,23,5,"UA","LAX","DEN",1310,1317,7,139,144,121,862,1629,1641,12,"0","0","0","0","0","0","0"
"1224972",3,20,5,"DL","SEA","JFK",2249,2301,12,308,292,260,2422,657,653,-4,"0","0","0","0","0","0","0"
"3958306",9,3,4,"AA","JFK","LAX",1000,952,-8,368,361,313,2475,1308,1253,-15,"0","0","0","0","0","0","0"
"3671442",8,16,7,"AA","LAX","LAS",1600,1648,48,80,66,45,236,1720,1754,34,"0","0","0","0","1","1","0"
"2439157",6,4,4,"UA","SFO","DEN",805,803,-2,157,148,119,967,1142,1131,-11,"0","0","0","0","0","0","0"
"3916927",8,31,1,"DL","ATL","JFK",1750,1755,5,162,131,96,760,2032,2006,-26,"0","0","0","0","0","0","0"
"2074887",5,12,2,"AS","ORD","SEA",1525,1517,-8,263,259,239,1721,1748,1736,-12,"0","0","0","0","0","0","0"
"1805275",4,25,6,"AA","DFW","ATL",2020,2013,-7,137,107,89,731,2337,2300,-37,"0","0","0","0","0","0","0"
"5185726",11,20,5,"WN","SFO","LAS",1650,1652,2,90,81,63,414,1820,1813,-7,"0","0","0","0","0","0","0"
"2640826",6,16,2,"AA","JFK","LAX",900,855,-5,369,357,308,2475,1209,1152,-17,"0","0","0","0","0","0","0"
"5805614",12,30,3,"UA","DEN","SFO",2224,2222,-2,171,144,132,967,15,2346,-29,"0","0","0","0","0","0","0"
"1126861",3,15,7,"AA","ORD","DFW",730,722,-8,155,155,114,802,1005,957,-8,"0","0","0","0","0","0","0"
"4946028",11,5,4,"AA","SFO","ORD",1450,1456,6,260,258,220,1846,2110,2114,4,"0","0","0","0","0","0","0"
"2747167",6,22,1,"UA","ORD","SFO",1415,NA,NA,279,NA,NA,1846,1654,NA,NA,"0","1","0","0","0","0","0"
"2064152",5,11,1,"AA","DFW","LAX",2210,2209,-1,210,193,169,1235,2340,2322,-18,"0","0","0","0","0","0","0"
"1103587",3,13,5,"DL","ATL","DEN",1459,1457,-2,206,174,147,1199,1625,1551,-34,"0","0","0","0","0","0","0"
"2165094",5,18,1,"UA","SFO","JFK",840,1130,170,345,377,304,2586,1725,2047,202,"0","0","1","0","0","0","0"
"3200670",7,19,7,"AA","ATL","CLT",1750,1750,0,75,74,45,226,1905,1904,-1,"0","0","0","0","0","0","0"
"1453387",4,3,5,"AS","SEA","LAS",2135,2153,18,144,153,117,867,2359,26,27,"0","0","1","0","1","0","0"
"4133965",9,14,1,"AA","DFW","ORD",2200,2203,3,148,127,108,802,28,10,-18,"0","0","0","0","0","0","0"
"5548063",12,14,1,"DL","SEA","ATL",1440,1437,-3,279,270,251,2182,2219,2207,-12,"0","0","0","0","0","0","0"
"4217187",9,20,7,"UA","LAS","DEN",1123,1116,-7,114,112,83,628,1417,1408,-9,"0","0","0","0","0","0","0"
"4960819",11,6,5,"AA","LAX","ORD",1300,1256,-4,253,236,205,1744,1913,1852,-21,"0","0","0","0","0","0","0"
"2970904",7,6,1,"AA","LAS","JFK",800,838,38,307,299,284,2248,1607,1637,30,"0","0","0","0","1","0","0"
"3703506",8,18,2,"DL","ATL","SEA",1355,1354,-1,324,326,292,2182,1619,1620,1,"0","0","0","0","0","0","0"
"2406775",6,2,2,"AA","DEN","DFW",910,1012,62,118,107,86,641,1208,1259,51,"0","0","0","0","0","1","0"
"3318549",7,26,7,"WN","LAS","DEN",1720,1722,2,115,101,84,628,2015,2003,-12,"0","0","0","0","0","0","0"
"3429434",8,2,7,"DL","ATL","DEN",940,944,4,191,206,162,1199,1051,1110,19,"0","0","1","0","0","0","0"
"2253069",5,23,6,"DL","DEN","ATL",1300,1311,11,177,169,146,1199,1757,1800,3,"0","0","0","0","0","0","0"
"3265148",7,23,4,"DL","SFO","LAX",1300,1344,44,90,102,59,337,1430,1526,56,"0","0","1","0","0","1","0"
"5004491",11,9,1,"AS","SEA","DEN",1130,1128,-2,150,153,129,1024,1500,1501,1,"0","0","0","0","0","0","0"
"2234842",5,22,5,"AA","LAX","DFW",1035,1038,3,186,185,154,1235,1541,1543,2,"0","0","0","0","0","0","0"
"3469957",8,4,2,"UA","DEN","SFO",1518,1514,-4,154,158,132,967,1652,1652,0,"0","0","0","0","0","0","0"
"1783745",4,24,5,"UA","SFO","ORD",1255,1303,8,260,267,212,1846,1915,1930,15,"0","0","1","0","1","0","0"
"1929633",5,3,7,"UA","DEN","SFO",1639,1652,13,166,151,129,967,1825,1823,-2,"0","0","0","0","0","0","0"
"244781",1,16,5,"UA","JFK","SFO",1822,1921,59,388,400,349,2586,2150,2301,71,"0","0","1","0","0","0","0"
"1965998",5,5,2,"AS","ORD","SEA",1935,1957,22,267,266,230,1721,2202,2223,21,"0","0","0","0","1","1","0"
"682253",2,15,7,"WN","ATL","LAS",710,710,0,290,264,247,1747,900,834,-26,"0","0","0","0","0","0","0"
"3813855",8,25,2,"DL","SEA","LAX",1055,1054,-1,170,159,131,954,1345,1333,-12,"0","0","0","0","0","0","0"
"3494046",8,5,3,"AA","LAX","ORD",2355,34,39,249,247,210,1744,604,641,37,"0","0","0","0","1","0","0"
"1819141",4,26,7,"UA","DEN","LAX",1853,1902,9,152,138,107,862,2025,2020,-5,"0","0","0","0","0","0","0"
"3196319",7,19,7,"AS","DFW","SEA",1335,1356,21,240,230,210,1660,1535,1546,11,"0","0","0","0","0","0","0"
"3545668",8,9,7,"AA","ORD","LAX",710,718,8,275,321,242,1744,945,1039,54,"0","0","1","0","1","0","0"
"2429238",6,3,3,"DL","LAX","ATL",1500,1456,-4,260,250,226,1947,2220,2206,-14,"0","0","0","0","0","0","0"
"1556970",4,10,5,"AA","DFW","LAS",1155,1157,2,184,179,148,1055,1259,1256,-3,"0","0","0","0","0","0","0"
"513658",2,3,2,"DL","ATL","CLT",2040,2040,0,68,72,41,226,2148,2152,4,"0","0","0","0","0","0","0"
"1386185",3,30,1,"AS","SEA","LAS",2135,2201,26,144,134,117,867,2359,15,16,"0","0","0","0","0","1","0"
"2783887",6,24,3,"AA","LAX","ORD",1630,1706,36,242,244,210,1744,2232,2310,38,"0","0","1","0","1","1","0"
"4881637",11,1,7,"AS","DEN","SEA",1555,1551,-4,184,196,167,1024,1759,1807,8,"0","0","0","0","0","0","0"
"3974195",9,4,5,"DL","JFK","SFO",900,855,-5,390,382,339,2586,1230,1217,-13,"0","0","0","0","0","0","0"
"3567378",8,10,1,"AA","DFW","ORD",1140,1150,10,148,157,116,802,1408,1427,19,"0","0","1","0","0","1","0"
"2557940",6,11,4,"WN","LAS","SFO",945,1131,106,90,124,66,414,1115,1335,140,"0","0","1","0","1","1","0"
"308682",1,21,3,"AA","LAX","DFW",930,930,0,173,169,144,1235,1423,1419,-4,"0","0","0","0","0","0","0"
"1236340",3,21,6,"AA","LAX","ORD",1745,1739,-6,241,243,215,1744,2346,2342,-4,"0","0","0","0","0","0","0"
"2051898",5,11,1,"UA","SFO","LAS",915,910,-5,94,89,65,414,1049,1039,-10,"0","0","0","0","0","0","0"
"4362511",9,29,2,"UA","DEN","ORD",1417,1414,-3,153,152,108,888,1750,1746,-4,"0","0","0","0","0","0","0"
"2613475",6,14,7,"WN","LAS","SFO",1610,1757,107,90,85,69,414,1740,1922,102,"0","0","0","0","1","1","0"
"3099683",7,13,1,"WN","DEN","SFO",1750,1856,66,155,175,132,967,1925,2051,86,"0","0","1","0","0","1","0"
"5096777",11,15,7,"AS","SFO","SEA",955,952,-3,125,119,96,679,1200,1151,-9,"0","0","0","0","0","0","0"
"5204294",11,22,7,"AS","SEA","LAX",605,553,-12,165,178,135,954,850,851,1,"0","0","0","0","0","0","0"
"5299496",11,28,6,"UA","ORD","SFO",1603,1623,20,285,276,255,1846,1848,1859,11,"0","0","0","0","0","0","0"
"4062927",9,10,4,"DL","ATL","SEA",940,939,-1,325,321,294,2182,1205,1200,-5,"0","0","0","0","0","0","0"
"5533032",12,13,7,"AS","DEN","SEA",1555,1552,-3,175,160,143,1024,1750,1732,-18,"0","0","0","0","0","0","0"
"3818566",8,25,2,"WN","SFO","DEN",1540,1536,-4,155,150,124,967,1915,1906,-9,"0","0","0","0","0","0","0"
"176008",1,12,1,"AA","DFW","LAX",1215,1210,-5,203,193,173,1235,1338,1323,-15,"0","0","0","0","0","0","0"
"1505113",4,7,2,"AA","DFW","ORD",1005,1003,-2,143,138,108,802,1228,1221,-7,"0","0","0","0","0","0","0"
"4220714",9,20,7,"WN","LAX","DEN",1500,1500,0,135,142,118,862,1815,1822,7,"0","0","0","0","0","0","0"
"5048473",11,12,4,"UA","LAX","ORD",655,652,-3,245,244,208,1744,1300,1256,-4,"0","0","0","0","0","0","0"
"653965",2,13,5,"AS","SEA","SFO",720,720,0,129,129,103,679,929,929,0,"0","0","0","0","0","0","0"
"1127551",3,15,7,"DL","ATL","DEN",812,811,-1,203,180,155,1199,935,911,-24,"0","0","0","0","0","0","0"
"4235697",9,21,1,"DL","LAX","ATL",1325,1319,-6,267,255,221,1947,2052,2034,-18,"0","0","0","0","0","0","0"
"2196991",5,20,3,"UA","SFO","JFK",700,651,-9,345,320,293,2586,1545,1511,-34,"0","0","0","0","0","0","0"
"1723605",4,20,1,"DL","ATL","SFO",1920,1926,6,330,302,281,2139,2150,2128,-22,"0","0","0","0","0","0","0"
"1111347",3,14,6,"DL","LAS","LAX",606,608,2,77,57,38,236,723,705,-18,"0","0","0","0","0","0","0"
"3576495",8,10,1,"DL","ATL","JFK",2039,5,206,151,134,107,760,2310,219,189,"0","0","0","0","1","1","0"
"3530845",8,8,6,"AA","DEN","ORD",705,659,-6,149,129,108,888,1034,1008,-26,"0","0","0","0","0","0","0"
"4880706",11,1,7,"AA","JFK","LAX",1500,1455,-5,382,357,317,2475,1822,1752,-30,"0","0","0","0","0","0","0"
"2782284",6,24,3,"DL","LAX","SEA",1455,1451,-4,149,148,126,954,1724,1719,-5,"0","0","0","0","0","0","0"
"674931",2,14,6,"UA","LAX","DEN",1304,1306,2,139,139,110,862,1623,1625,2,"0","0","0","0","0","0","0"
"1005155",3,7,6,"DL","LAS","ATL",1510,1504,-6,227,220,192,1747,2157,2144,-13,"0","0","0","0","0","0","0"
"3584831",8,11,2,"AA","SFO","DFW",1159,1156,-3,215,267,208,1464,1734,1823,49,"0","0","1","0","0","0","0"
"1318585",3,26,4,"AA","DFW","DEN",1750,1755,5,122,128,92,641,1852,1903,11,"0","0","0","0","0","0","0"
"5789270",12,29,2,"DL","ATL","LAS",2215,2214,-1,278,263,239,1747,2353,2337,-16,"0","0","0","0","0","0","0"
"5478542",12,9,3,"AA","SEA","CLT",2220,2223,3,284,273,251,2279,604,556,-8,"0","0","0","0","0","0","0"
"2499635",6,7,7,"AA","DFW","ORD",2010,2049,39,154,182,126,802,2244,2351,67,"0","0","1","0","0","1","0"
"2624790",6,15,1,"AA","DFW","LAX",1015,1015,0,192,225,157,1235,1127,1200,33,"0","0","1","0","0","0","0"
"249690",1,17,6,"AA","ORD","LAX",800,759,-1,273,267,247,1744,1033,1026,-7,"0","0","0","0","0","0","0"
"57020",1,4,7,"DL","ATL","CLT",1620,1656,36,75,59,44,226,1735,1755,20,"0","0","0","0","1","1","0"
"5792778",12,30,3,"WN","ATL","LAX",815,1131,196,315,316,282,1947,1030,1347,197,"0","0","1","0","1","1","0"
"3589952",8,11,2,"AA","DFW","LAS",1705,1716,11,178,168,144,1055,1803,1804,1,"0","0","0","0","0","0","0"
"877869",2,27,5,"UA","LAX","DEN",1310,1310,0,139,131,108,862,1629,1621,-8,"0","0","0","0","0","0","0"
"1746314",4,22,3,"AA","DFW","ORD",903,905,2,152,134,113,802,1135,1119,-16,"0","0","0","0","0","0","0"
"5636576",12,20,7,"AA","CLT","SFO",730,740,10,345,335,313,2296,1015,1015,0,"0","0","0","0","0","0","0"
"3434425",8,2,7,"AA","CLT","DFW",1440,1449,9,160,155,129,936,1620,1624,4,"0","0","0","0","0","0","0"
"3474678",8,4,2,"UA","LAS","LAX",1958,2001,3,81,67,45,236,2119,2108,-11,"0","0","0","0","0","0","0"
"2107251",5,14,4,"AA","LAX","DFW",1415,1418,3,189,176,155,1235,1924,1914,-10,"0","0","0","0","0","0","0"
"1191578",3,19,4,"WN","DEN","ATL",555,554,-1,175,173,156,1199,1050,1047,-3,"0","0","0","0","0","0","0"
"1580990",4,12,7,"UA","LAX","SFO",605,559,-6,87,72,55,337,732,711,-21,"0","0","0","0","0","0","0"
"5067852",11,13,5,"OO","LAX","SEA",930,923,-7,173,195,146,954,1223,1238,15,"0","0","1","0","0","0","0"
"330584",1,22,4,"AS","SFO","SEA",1545,1535,-10,123,131,103,679,1748,1746,-2,"0","0","0","0","0","0","0"
"5621618",12,19,6,"AS","SEA","LAS",705,704,-1,145,147,121,867,930,931,1,"0","0","0","0","0","0","0"
"1769904",4,23,4,"DL","ATL","JFK",1555,1555,0,150,140,107,760,1825,1815,-10,"0","0","0","0","0","0","0"
"305025",1,21,3,"AA","LAS","DFW",600,556,-4,160,166,126,1055,1040,1042,2,"0","0","0","0","0","0","0"
"2464710",6,5,5,"UA","LAS","DEN",1610,1826,136,115,115,89,628,1905,2121,136,"0","0","0","0","0","1","0"
"2637595",6,16,2,"OO","DFW","SFO",600,601,1,238,236,212,1464,758,757,-1,"0","0","0","0","0","0","0"
"3848227",8,27,4,"DL","ATL","ORD",1205,1211,6,125,110,89,606,1310,1301,-9,"0","0","0","0","0","0","0"
"1047105",3,10,2,"WN","LAX","DEN",845,845,0,140,137,117,862,1205,1202,-3,"0","0","0","0","0","0","0"
"5811226",12,31,4,"AA","LAS","DFW",1110,1104,-6,162,150,122,1055,1552,1534,-18,"0","0","0","0","0","0","0"
"5467899",12,9,3,"WN","LAS","SEA",1020,1023,3,160,153,136,867,1300,1256,-4,"0","0","0","0","0","0","0"
"313739",1,21,3,"AA","DFW","SFO",1440,1449,9,229,214,199,1464,1629,1623,-6,"0","0","0","0","0","0","0"
"883446",2,27,5,"AA","ORD","DFW",1845,NA,NA,149,NA,NA,802,2114,NA,NA,"0","1","0","0","0","0","0"
"3188574",7,19,7,"WN","LAS","ATL",555,555,0,245,236,216,1747,1300,1251,-9,"0","0","0","0","0","0","0"
"5330803",11,30,1,"WN","ATL","LAX",1255,1314,19,310,316,301,1947,1505,1530,25,"0","0","1","0","1","1","0"
"749732",2,19,4,"AA","LAS","DFW",1058,1048,-10,157,152,123,1055,1535,1520,-15,"0","0","0","0","0","0","0"
"5465170",12,9,3,"AS","LAX","SEA",730,728,-2,180,165,139,954,1030,1013,-17,"0","0","0","0","0","0","0"
"5793527",12,30,3,"AA","LAX","JFK",900,856,-4,330,315,272,2475,1730,1711,-19,"0","0","0","0","0","0","0"
"2329461",5,28,4,"UA","ORD","DEN",1225,1225,0,159,142,117,888,1404,1347,-17,"0","0","0","0","0","0","0"
"3222244",7,20,1,"UA","SFO","ORD",2313,10,57,247,231,212,1846,520,601,41,"0","0","0","0","1","1","0"
"4078410",9,11,5,"AA","CLT","DFW",925,943,18,171,162,131,936,1116,1125,9,"0","0","0","0","0","0","0"
"1596548",4,13,1,"UA","ORD","DEN",526,518,-8,157,155,139,888,703,653,-10,"0","0","0","0","0","0","0"
"1012334",3,8,7,"AA","LAX","DFW",726,719,-7,182,178,153,1235,1228,1217,-11,"0","0","0","0","0","0","0"
"4118462",9,14,1,"AA","LAX","ORD",600,559,-1,248,240,216,1744,1208,1159,-9,"0","0","0","0","0","0","0"
"5676621",12,22,2,"UA","DEN","SFO",1520,1722,122,160,164,142,967,1700,1906,126,"0","0","1","0","0","0","0"
"236691",1,16,5,"UA","DEN","ORD",1022,1024,2,151,146,116,888,1353,1350,-3,"0","0","0","0","0","0","0"
"3624071",8,13,4,"UA","DFW","DEN",1657,2133,276,124,119,94,641,1801,2232,271,"0","0","0","0","0","1","0"
"259751",1,17,6,"AA","SEA","DFW",2350,2346,-4,217,205,191,1660,527,511,-16,"0","0","0","0","0","0","0"
"1993352",5,7,4,"WN","LAS","LAX",1330,1330,0,65,79,49,236,1435,1449,14,"0","0","0","0","0","0","0"
"2081239",5,13,3,"AA","LAS","DFW",55,51,-4,165,156,136,1055,540,527,-13,"0","0","0","0","0","0","0"
"374664",1,25,7,"UA","SFO","JFK",1646,1646,0,328,319,299,2586,114,105,-9,"0","0","0","0","0","0","0"
"5609945",12,18,5,"AA","LAS","ORD",1200,1205,5,230,242,183,1514,1750,1807,17,"0","0","1","0","0","0","0"
"1315798",3,26,4,"DL","LAS","ATL",1510,1508,-2,229,228,203,1747,2159,2156,-3,"0","0","0","0","0","0","0"
"5624177",12,19,6,"DL","ATL","JFK",1000,1001,1,130,127,101,760,1210,1208,-2,"0","0","0","0","0","0","0"
"3155958",7,17,5,"AA","LAS","ORD",505,502,-3,222,194,172,1514,1047,1016,-31,"0","0","0","0","0","0","0"
"5172765",11,19,4,"AA","CLT","ATL",2025,2024,-1,75,67,40,226,2140,2131,-9,"0","0","0","0","0","0","0"
"2892653",7,1,3,"UA","SFO","DEN",811,823,12,157,149,125,967,1148,1152,4,"0","0","0","0","0","0","0"
"1302181",3,25,3,"DL","CLT","ATL",1815,1816,1,89,68,41,226,1944,1924,-20,"0","0","0","0","0","0","0"
"4376309",9,30,3,"AA","ORD","DFW",1205,1203,-2,166,140,113,802,1451,1423,-28,"0","0","0","0","0","0","0"
"3088798",7,13,1,"AA","ORD","SFO",720,747,27,282,290,261,1846,1002,1037,35,"0","0","1","0","0","0","1"
"1513386",4,7,2,"DL","ATL","DEN",1825,1822,-3,207,183,163,1199,1952,1925,-27,"0","0","0","0","0","0","0"
"1346364",3,28,6,"AA","ATL","LAX",1245,1238,-7,298,278,253,1947,1443,1416,-27,"0","0","0","0","0","0","0"
"2730753",6,21,7,"AA","DFW","ATL",1515,1551,36,139,187,111,731,1834,1958,84,"0","0","1","0","1","1","0"
"808885",2,23,1,"AS","LAS","SEA",910,901,-9,157,146,130,867,1147,1127,-20,"0","0","0","0","0","0","0"
"3868334",8,28,5,"DL","ATL","DFW",1516,1512,-4,139,129,99,731,1635,1621,-14,"0","0","0","0","0","0","0"
"2000475",5,7,4,"DL","ATL","LAX",2040,2040,0,295,297,270,1947,2235,2237,2,"0","0","0","0","0","0","0"
"1544339",4,9,4,"UA","SEA","SFO",1610,1722,72,126,131,100,679,1816,1933,77,"0","0","1","0","1","1","0"
"3601335",8,12,3,"AA","SFO","DFW",1125,1123,-2,215,211,181,1464,1700,1654,-6,"0","0","0","0","0","0","0"
"2584278",6,12,5,"AA","ORD","CLT",1825,1913,48,125,107,87,599,2130,2200,30,"0","0","0","0","1","0","0"
"1240951",3,22,7,"UA","LAS","SFO",700,651,-9,95,91,68,414,835,822,-13,"0","0","0","0","0","0","0"
"58640",1,4,7,"AA","LAX","LAS",1755,1800,5,75,66,39,236,1910,1906,-4,"0","0","0","0","0","0","0"
"5295772",11,28,6,"DL","SEA","ATL",1200,1203,3,282,287,258,2182,1942,1950,8,"0","0","0","0","0","0","0"
"3510818",8,6,4,"WN","SEA","DEN",2150,2159,9,160,146,125,1024,130,125,-5,"0","0","0","0","0","0","0"
"3726289",8,19,3,"UA","DEN","ORD",2012,2003,-9,147,125,102,888,2339,2308,-31,"0","0","0","0","0","0","0"
"3846226",8,27,4,"WN","LAS","ATL",1010,1009,-1,240,230,206,1747,1710,1659,-11,"0","0","0","0","0","0","0"
"1205841",3,19,4,"AA","ORD","LAS",1935,1932,-3,241,230,207,1514,2136,2122,-14,"0","0","0","0","0","0","0"
"5512836",12,12,6,"AA","ORD","LAX",710,707,-3,279,270,250,1744,949,937,-12,"0","0","0","0","0","0","0"
"3531607",8,8,6,"AA","CLT","ATL",755,751,-4,79,62,39,226,914,853,-21,"0","0","0","0","0","0","0"
"346689",1,23,5,"WN","LAS","DEN",1550,1543,-7,110,102,84,628,1840,1825,-15,"0","0","0","0","0","0","0"
"3386366",7,30,4,"AA","DFW","SEA",1545,1550,5,256,236,217,1660,1801,1746,-15,"0","0","0","0","0","0","0"
"2267589",5,24,7,"WN","SEA","LAS",1540,1601,21,140,131,114,867,1800,1812,12,"0","0","0","0","0","0","0"
"2783553",6,24,3,"WN","LAS","LAX",1605,1625,20,70,69,42,236,1715,1734,19,"0","0","0","0","1","1","0"
"433340",1,29,4,"AA","CLT","ORD",1255,1248,-7,127,124,100,599,1402,1352,-10,"0","0","0","0","0","0","0"
"3744633",8,20,4,"AA","LAX","ATL",2325,2320,-5,272,263,226,1947,657,643,-14,"0","0","0","0","0","0","0"
"3513103",8,7,5,"AA","ORD","DFW",645,725,40,147,142,113,802,912,947,35,"0","0","0","0","1","0","0"
"2559633",6,11,4,"DL","LAX","LAS",1120,1126,6,70,74,44,236,1230,1240,10,"0","0","0","0","0","0","0"
"3153603",7,16,4,"WN","LAX","LAS",1950,1958,8,60,64,44,236,2050,2102,12,"0","0","0","0","0","0","0"
"2255923",5,23,6,"UA","SFO","DEN",1630,1626,-4,151,146,126,967,2001,1952,-9,"0","0","0","0","0","0","0"
"2054682",5,11,1,"WN","DEN","SFO",1200,1227,27,165,153,139,967,1345,1400,15,"0","0","1","0","0","0","0"
"19635",1,2,5,"DL","ATL","DFW",1050,1049,-1,154,142,118,731,1224,1211,-13,"0","0","0","0","0","0","0"
"3877122",8,29,6,"UA","LAX","LAS",758,753,-5,78,65,45,236,916,858,-18,"0","0","0","0","0","0","0"
"1259516",3,23,1,"UA","ORD","LAS",855,1033,98,241,275,210,1514,1056,1308,132,"0","0","1","0","0","1","1"
"5372196",12,3,4,"AA","LAX","CLT",600,557,-3,277,282,251,2125,1337,1339,2,"0","0","0","0","0","0","0"
"3425918",8,2,7,"UA","LAX","JFK",606,606,0,323,316,293,2475,1429,1422,-7,"0","0","0","0","0","0","0"
"5429759",12,6,7,"AA","CLT","ORD",2005,2000,-5,131,111,84,599,2116,2051,-25,"0","0","0","0","0","0","0"
"3760447",8,21,5,"DL","ATL","JFK",2039,2100,21,151,150,101,760,2310,2330,20,"0","0","0","0","1","0","0"
"4087508",9,11,5,"AA","DFW","SEA",1855,1913,18,262,243,217,1660,2117,2116,-1,"0","0","0","0","0","0","0"
"3819204",8,25,2,"UA","LAX","JFK",1625,1618,-7,320,312,284,2475,45,30,-15,"0","0","0","0","0","0","0"
"1525499",4,8,3,"WN","LAX","DEN",1400,1439,39,135,123,100,862,1715,1742,27,"0","0","0","0","1","1","0"
"5505568",12,11,5,"AA","DEN","DFW",1550,1549,-1,116,123,89,641,1846,1852,6,"0","0","0","0","0","0","0"
"402511",1,27,2,"AA","ORD","JFK",1300,NA,NA,133,NA,NA,740,1613,NA,NA,"0","1","0","0","0","0","0"
"2602758",6,14,7,"AA","SEA","DFW",25,22,-3,233,270,198,1660,618,652,34,"0","0","1","0","0","0","0"
"967743",3,5,4,"DL","JFK","LAS",959,NA,NA,347,NA,NA,2248,1246,NA,NA,"0","1","0","0","0","0","0"
"392456",1,26,1,"AA","DFW","LAX",1830,1827,-3,202,184,157,1235,1952,1931,-21,"0","0","0","0","0","0","0"
"3158827",7,17,5,"AS","DEN","SEA",800,754,-6,160,179,150,1024,940,953,13,"0","0","0","0","0","0","0"
"1096607",3,13,5,"WN","LAX","LAS",805,803,-2,60,58,42,236,905,901,-4,"0","0","0","0","0","0","0"
"3656210",8,15,6,"WN","LAS","LAX",1545,1650,65,70,63,43,236,1655,1753,58,"0","0","0","0","1","1","0"
"4297601",9,25,5,"UA","SFO","DFW",1041,1041,0,220,206,176,1464,1621,1607,-14,"0","0","0","0","0","0","0"
"95680",1,7,3,"AA","DFW","LAX",650,822,92,206,177,152,1235,816,919,63,"0","0","0","0","1","0","0"
"2446116",6,4,4,"UA","ORD","DEN",1456,1705,129,157,152,122,888,1633,1837,124,"0","0","0","0","1","0","0"
"3452427",8,3,1,"DL","ATL","DEN",1510,1506,-4,202,189,166,1199,1632,1615,-17,"0","0","0","0","0","0","0"
"2980160",7,6,1,"OO","DEN","SEA",1659,1657,-2,175,170,139,1024,1854,1847,-7,"0","0","0","0","0","0","0"
"5022591",11,10,2,"AA","DFW","CLT",1330,1336,6,145,140,117,936,1655,1656,1,"0","0","0","0","0","0","0"
"3847825",8,27,4,"AA","ORD","SEA",1144,1144,0,274,253,239,1721,1418,1357,-21,"0","0","0","0","0","0","0"
"5622662",12,19,6,"WN","LAX","LAS",815,825,10,65,53,37,236,920,918,-2,"0","0","0","0","0","0","0"
"1755983",4,22,3,"AA","DFW","DEN",1842,1837,-5,133,126,101,641,1955,1943,-12,"0","0","0","0","0","0","0"
"1105017",3,13,5,"OO","LAS","LAX",1620,1623,3,74,72,42,236,1734,1735,1,"0","0","0","0","0","0","0"
"1842937",4,28,2,"AA","DFW","LAS",910,906,-4,186,165,139,1055,1016,951,-25,"0","0","0","0","0","0","0"
"3517138",8,7,5,"UA","DFW","SFO",1021,1017,-4,229,217,197,1464,1210,1154,-16,"0","0","0","0","0","0","0"
"2503929",6,8,1,"AA","DFW","DEN",725,716,-9,129,121,97,641,834,817,-17,"0","0","0","0","0","0","0"
"3611079",8,12,3,"WN","DEN","SEA",2125,2134,9,170,150,135,1024,2315,2304,-11,"0","0","0","0","0","0","0"
"1396882",3,31,2,"AA","SFO","DFW",1510,1600,50,213,208,177,1464,2043,2128,45,"0","0","0","0","0","1","0"
"5239739",11,24,2,"AS","SEA","LAS",1150,1210,20,147,149,121,867,1417,1439,22,"0","0","1","0","1","1","0"
"5646618",12,20,7,"DL","SFO","LAX",1800,2046,166,90,85,49,337,1930,2211,161,"0","0","0","0","1","1","0"
"855974",2,26,4,"AA","DFW","LAX",800,809,9,209,190,172,1235,929,919,-10,"0","0","0","0","0","0","0"
"3904663",8,31,1,"UA","SFO","LAS",603,553,-10,97,84,64,414,740,717,-23,"0","0","0","0","0","0","0"
"3805717",8,24,1,"AS","SEA","DEN",1925,1923,-2,150,151,123,1024,2255,2254,-1,"0","0","0","0","0","0","0"
"3395294",7,31,5,"AA","CLT","SFO",730,725,-5,323,323,300,2296,953,948,-5,"0","0","0","0","0","0","0"
"1103711",3,13,5,"AA","SFO","JFK",1505,1457,-8,322,326,299,2586,2327,2323,-4,"0","0","0","0","0","0","0"
"5256429",11,25,3,"AA","SEA","DFW",1155,1147,-8,227,244,203,1660,1742,1751,9,"0","0","0","0","0","0","0"
"1994834",5,7,4,"WN","SFO","DEN",1500,1459,-1,150,140,126,967,1830,1819,-11,"0","0","0","0","0","0","0"
"2930603",7,3,5,"AA","DFW","SFO",1200,1211,11,230,206,187,1464,1350,1337,-13,"0","0","0","0","0","0","0"
"88622",1,6,2,"AA","ATL","DFW",1512,1515,3,148,134,109,731,1640,1629,-11,"0","0","0","0","0","0","0"
"3881163",8,29,6,"DL","SEA","LAX",1224,1228,4,166,193,147,954,1510,1541,31,"0","0","1","0","0","0","0"
"1926911",5,3,7,"AA","DFW","LAX",1350,1350,0,210,194,169,1235,1520,1504,-16,"0","0","0","0","0","0","0"
"3470834",8,4,2,"WN","LAS","SFO",1610,1616,6,90,90,67,414,1740,1746,6,"0","0","0","0","0","0","0"
"3648836",8,15,6,"AA","SEA","ORD",750,745,-5,242,228,197,1721,1352,1333,-19,"0","0","0","0","0","0","0"
"1054435",3,10,2,"DL","LAX","JFK",1610,1605,-5,319,316,293,2475,29,21,-8,"0","0","0","0","0","0","0"
"2483203",6,6,6,"UA","SFO","LAS",1930,1930,0,99,84,64,414,2109,2054,-15,"0","0","0","0","0","0","0"
"1725672",4,20,1,"WN","DEN","SFO",2215,2226,11,160,143,126,967,2355,2349,-6,"0","0","0","0","0","0","0"
"2917999",7,2,4,"AS","SFO","SEA",1615,1614,-1,120,120,91,679,1815,1814,-1,"0","0","0","0","0","0","0"
"2847499",6,28,7,"DL","ATL","SEA",1345,1355,10,321,301,278,2182,1606,1556,-10,"0","0","0","0","0","0","0"
"890885",2,28,6,"UA","SFO","LAS",1048,1055,7,97,85,61,414,1225,1220,-5,"0","0","0","0","0","0","0"
"4213959",9,20,7,"AA","DEN","CLT",810,807,-3,194,174,150,1337,1324,1301,-23,"0","0","0","0","0","0","0"
"1391371",3,31,2,"UA","ORD","DEN",934,930,-4,168,168,123,888,1122,1118,-4,"0","0","0","0","0","0","0"
"5548095",12,14,1,"OO","SEA","DEN",1445,1437,-8,160,158,135,1024,1825,1815,-10,"0","0","0","0","0","0","0"
"1079594",3,12,4,"AA","ORD","LAX",805,801,-4,278,249,225,1744,1043,1010,-33,"0","0","0","0","0","0","0"
"2895289",7,1,3,"DL","JFK","SEA",1045,1056,11,365,375,324,2422,1350,1411,21,"0","0","1","0","1","0","0"
"3157518",7,17,5,"DL","SEA","LAX",654,710,16,171,153,129,954,945,943,-2,"0","0","0","0","0","0","0"
"3083467",7,12,7,"DL","ATL","SEA",1905,1905,0,324,302,275,2182,2129,2107,-22,"0","0","0","0","0","0","0"
"4261948",9,23,3,"AA","SEA","ORD",750,750,0,241,227,204,1721,1351,1337,-14,"0","0","0","0","0","0","0"
"1257535",3,23,1,"UA","SFO","LAX",700,658,-2,95,88,52,337,835,826,-9,"0","0","0","0","0","0","0"
"394251",1,26,1,"OO","LAX","LAS",2043,2038,-5,72,99,52,236,2155,2217,22,"0","0","1","0","0","0","0"
"3751677",8,21,5,"DL","SFO","ATL",1155,1202,7,295,261,237,2139,1950,1923,-27,"0","0","0","0","0","0","0"
"5608668",12,18,5,"WN","SEA","LAS",1045,1122,37,145,153,126,867,1310,1355,45,"0","0","1","0","1","0","0"
"170294",1,12,1,"WN","SFO","LAS",645,640,-5,90,77,61,414,815,757,-18,"0","0","0","0","0","0","0"
"2172022",5,18,1,"DL","ORD","ATL",1530,1530,0,123,NA,NA,606,1833,2155,NA,"1","0","0","0","0","0","0"
"142175",1,10,6,"UA","LAS","SFO",600,558,-2,101,87,66,414,741,725,-16,"0","0","0","0","0","0","0"
"5592654",12,17,4,"WN","DEN","LAS",1120,1227,67,115,114,87,628,1215,1321,66,"0","0","0","0","0","1","0"
"3167550",7,17,5,"AA","JFK","LAX",1630,1628,-2,390,339,317,2475,2000,1907,-53,"0","0","0","0","0","0","0"
"1380692",3,30,1,"WN","LAX","SFO",1535,1532,-3,70,96,57,337,1645,1708,23,"0","0","1","0","0","0","0"
"397519",1,27,2,"WN","LAX","SFO",755,753,-2,85,74,62,337,920,907,-13,"0","0","0","0","0","0","0"
"2211999",5,21,4,"AA","LAS","DFW",125,125,0,165,NA,NA,1055,610,825,NA,"1","0","0","0","0","0","0"
"4126677",9,14,1,"DL","ATL","DFW",1347,1353,6,148,133,107,731,1515,1506,-9,"0","0","0","0","0","0","0"
"1659166",4,16,4,"DL","ORD","ATL",1800,1820,20,123,143,100,606,2103,2143,40,"0","0","1","0","1","1","0"
"465813",1,31,6,"UA","LAS","SFO",1500,1453,-7,99,85,64,414,1639,1618,-21,"0","0","0","0","0","0","0"
"2980801",7,6,1,"AS","LAX","SEA",1735,1743,8,159,169,131,954,2014,2032,18,"0","0","1","0","0","1","0"
"603994",2,9,1,"AA","DFW","LAX",2040,2034,-6,204,205,170,1235,2204,2159,-5,"0","0","0","0","0","0","0"
"3499400",8,6,4,"AA","SFO","DFW",1009,1056,47,213,214,172,1464,1542,1630,48,"0","0","1","0","1","0","0"
"48714",1,4,7,"DL","DEN","ATL",800,831,31,185,182,146,1199,1305,1333,28,"0","0","0","0","0","0","1"
"1985325",5,7,4,"AS","SEA","LAX",600,554,-6,156,143,121,954,836,817,-19,"0","0","0","0","0","0","0"
"1050305",3,10,2,"AA","LAX","ORD",1200,1152,-8,251,250,221,1744,1811,1802,-9,"0","0","0","0","0","0","0"
"4309833",9,26,6,"WN","DEN","LAS",700,655,-5,115,99,84,628,755,734,-21,"0","0","0","0","0","0","0"
"3500271",8,6,4,"AS","SEA","DEN",1100,1106,6,158,150,124,1024,1438,1436,-2,"0","0","0","0","0","0","0"
"2558798",6,11,4,"DL","SEA","ATL",1030,1039,9,294,306,266,2182,1824,1845,21,"0","0","1","0","1","1","0"
"4265552",9,23,3,"AA","CLT","ORD",1125,1121,-4,128,127,86,599,1233,1228,-5,"0","0","0","0","0","0","0"
"1346409",3,28,6,"OO","SEA","LAX",1245,1323,38,167,147,126,954,1532,1550,18,"0","0","0","0","0","1","0"
"3331982",7,27,1,"WN","LAS","SFO",1320,1320,0,90,82,66,414,1450,1442,-8,"0","0","0","0","0","0","0"
"4255319",9,22,2,"AA","JFK","ORD",1705,1701,-4,170,137,107,740,1855,1818,-37,"0","0","0","0","0","0","0"
"4890015",11,2,1,"DL","ATL","DFW",738,736,-2,144,NA,NA,731,902,1139,NA,"1","0","0","0","0","0","0"
"113055",1,8,4,"DL","JFK","ATL",830,939,69,163,146,109,760,1113,1205,52,"0","0","0","0","0","0","1"
"2131938",5,15,5,"AA","SFO","ORD",2355,2358,3,249,238,219,1846,604,556,-8,"0","0","0","0","0","0","0"
"2329858",5,28,4,"UA","LAX","JFK",1250,1314,24,335,322,298,2475,2125,2136,11,"0","0","0","0","0","0","0"
"5704566",12,24,4,"DL","ATL","ORD",1050,1509,259,124,142,107,606,1154,1631,277,"0","0","1","0","0","0","1"
"5227329",11,23,1,"DL","CLT","ATL",1430,1424,-6,81,59,40,226,1551,1523,-28,"0","0","0","0","0","0","0"
"1824621",4,27,1,"DL","ATL","DFW",738,735,-3,147,139,117,731,905,854,-11,"0","0","0","0","0","0","0"
"705272",2,16,1,"WN","DEN","ATL",1505,1535,30,165,163,136,1199,1950,2018,28,"0","0","0","0","1","1","0"
"1335187",3,27,5,"AA","SFO","ORD",1731,1805,34,243,245,220,1846,2334,10,36,"0","0","1","0","1","1","0"
"3612899",8,13,4,"AS","ORD","SEA",615,758,103,265,255,235,1721,840,1013,93,"0","0","0","0","1","0","0"
"2261351",5,24,7,"WN","DEN","LAX",830,826,-4,150,130,110,862,1000,936,-24,"0","0","0","0","0","0","0"
"1633728",4,15,3,"AA","LAX","LAS",920,923,3,71,127,52,236,1031,1130,59,"0","0","1","0","0","0","0"
"5391183",12,4,5,"DL","JFK","ATL",837,835,-2,161,143,111,760,1118,1058,-20,"0","0","0","0","0","0","0"
"5189349",11,20,5,"WN","SFO","LAS",2025,2027,2,85,80,65,414,2150,2147,-3,"0","0","0","0","0","0","0"
"2811010",6,26,5,"UA","DEN","ORD",855,852,-3,145,147,122,888,1220,1219,-1,"0","0","0","0","0","0","0"
"1153800",3,16,1,"DL","ATL","ORD",1733,1733,0,127,117,95,606,1840,1830,-10,"0","0","0","0","0","0","0"
"5366357",12,2,3,"DL","ATL","DFW",1617,1642,25,152,132,115,731,1749,1754,5,"0","0","0","0","0","0","0"
"2933189",7,3,5,"DL","LAX","ATL",1450,1449,-1,263,256,239,1947,2213,2205,-8,"0","0","0","0","0","0","0"
"4979471",11,7,6,"AA","ORD","DFW",1710,1706,-4,163,152,123,802,1953,1938,-15,"0","0","0","0","0","0","0"
"3515959",8,7,5,"DL","LAX","ATL",915,916,1,275,250,228,1947,1650,1626,-24,"0","0","0","0","0","0","0"
"89662",1,6,2,"AA","LAS","ORD",1617,1700,43,203,205,180,1514,2140,2225,45,"0","0","1","0","0","1","0"
"1249264",3,22,7,"UA","ORD","LAS",1530,1529,-1,241,226,209,1514,1731,1715,-16,"0","0","0","0","0","0","0"
"5560783",12,15,2,"AS","SEA","SFO",1125,1121,-4,135,126,89,679,1340,1327,-13,"0","0","0","0","0","0","0"
"5811161",12,31,4,"AA","DFW","SFO",1105,1106,1,235,234,213,1464,1300,1300,0,"0","0","0","0","0","0","0"
"5424802",12,6,7,"DL","SFO","LAX",1500,1500,0,80,102,52,337,1620,1642,22,"0","0","1","0","0","0","0"
"3408131",7,31,5,"DL","JFK","LAS",1959,2115,76,350,355,336,2248,2249,10,81,"0","0","1","0","0","1","0"
"2782060",6,24,3,"DL","SEA","ATL",1440,1441,1,285,325,253,2182,2225,2306,41,"0","0","1","0","0","0","0"
"4337876",9,28,1,"DL","LAX","JFK",610,609,-1,330,318,292,2475,1440,1427,-13,"0","0","0","0","0","0","0"
"283835",1,19,1,"UA","LAS","SFO",1535,1533,-2,98,88,65,414,1713,1701,-12,"0","0","0","0","0","0","0"
"18727",1,2,5,"UA","SFO","ORD",1000,1053,53,256,239,219,1846,1616,1652,36,"0","0","0","0","1","1","0"
"2890052",7,1,3,"AA","LAX","ORD",600,554,-6,247,258,229,1744,1207,1212,5,"0","0","0","0","0","0","0"
"2700347",6,19,5,"OO","DFW","LAX",1627,1622,-5,201,189,160,1235,1748,1731,-17,"0","0","0","0","0","0","0"
"3847194",8,27,4,"AS","DEN","SEA",1105,1056,-9,162,151,136,1024,1247,1227,-20,"0","0","0","0","0","0","0"
"5414399",12,5,6,"AA","ORD","DFW",1825,1825,0,157,134,110,802,2102,2039,-23,"0","0","0","0","0","0","0"
"5580638",12,16,3,"AA","SFO","DFW",1540,1546,6,204,200,170,1464,2104,2106,2,"0","0","0","0","0","0","0"
"5670796",12,22,2,"UA","SFO","ATL",916,934,18,279,263,233,2139,1655,1657,2,"0","0","0","0","0","0","0"
"3361559",7,29,3,"UA","SFO","LAX",830,825,-5,98,116,63,337,1008,1021,13,"0","0","0","0","0","0","0"
"4895406",11,2,1,"DL","SFO","LAX",1300,1419,79,89,107,62,337,1429,1606,97,"0","0","1","0","0","1","0"
"5712775",12,25,5,"UA","SEA","ORD",30,37,7,239,216,192,1721,629,613,-16,"0","0","0","0","0","0","0"
"288385",1,19,1,"UA","ORD","SFO",2020,2025,5,277,276,252,1846,2257,2301,4,"0","0","0","0","0","0","0"
"5710106",12,24,4,"WN","LAS","LAX",1720,1755,35,65,78,45,236,1825,1913,48,"0","0","1","0","1","1","0"
"5228269",11,23,1,"DL","ORD","ATL",1530,1548,18,118,103,79,606,1828,1831,3,"0","0","0","0","0","0","0"
"1952085",5,5,2,"WN","SEA","DEN",545,538,-7,160,151,133,1024,925,909,-16,"0","0","0","0","0","0","0"
"1792373",4,24,5,"WN","DEN","LAS",2215,2244,29,115,113,92,628,2310,2337,27,"0","0","0","0","1","0","0"
"3398649",7,31,5,"UA","SFO","DFW",1040,1120,40,228,226,195,1464,1628,1706,38,"0","0","0","0","1","1","0"
"5148250",11,18,3,"WN","LAS","LAX",1220,1220,0,70,60,40,236,1330,1320,-10,"0","0","0","0","0","0","0"
"5563196",12,15,2,"UA","DEN","LAX",1400,1755,235,157,143,109,862,1537,1918,221,"0","0","0","0","1","1","0"
"980151",3,6,5,"WN","DEN","LAX",600,600,0,160,142,111,862,740,722,-18,"0","0","0","0","0","0","0"
"2522760",6,9,2,"UA","SEA","SFO",851,842,-9,136,214,104,679,1107,1216,69,"0","0","1","0","0","0","0"
"282723",1,19,1,"DL","DFW","ATL",1430,1429,-1,121,117,98,731,1731,1726,-5,"0","0","0","0","0","0","0"
"2229934",5,22,5,"UA","LAX","JFK",600,554,-6,328,298,280,2475,1428,1352,-36,"0","0","0","0","0","0","0"
"3414940",8,1,6,"AS","SFO","SEA",1010,1152,102,119,111,90,679,1209,1343,94,"0","0","0","0","1","1","0"
"460753",1,31,6,"WN","DEN","SEA",855,853,-2,180,177,157,1024,1055,1050,-5,"0","0","0","0","0","0","0"
"902664",3,1,7,"AA","ORD","DEN",950,946,-4,153,241,165,888,1123,1247,84,"0","0","1","0","0","0","0"
"212774",1,14,3,"OO","DFW","SFO",1815,1916,61,243,236,207,1464,2018,2112,54,"0","0","0","0","0","1","0"
"1823776",4,27,1,"UA","LAX","ORD",700,657,-3,246,245,223,1744,1306,1302,-4,"0","0","0","0","0","0","0"
"3996834",9,5,6,"DL","ATL","DFW",1725,1724,-1,137,118,101,731,1842,1822,-20,"0","0","0","0","0","0","0"
"3682786",8,17,1,"UA","LAX","DEN",1010,1004,-6,140,129,105,862,1330,1313,-17,"0","0","0","0","0","0","0"
"1126453",3,15,7,"OO","SEA","SFO",700,652,-8,135,147,119,679,915,919,4,"0","0","0","0","0","0","0"
"2507269",6,8,1,"DL","LAS","JFK",1033,1031,-2,317,343,267,2248,1850,1914,24,"0","0","1","0","0","0","0"
"5698800",12,23,3,"AA","JFK","LAX",2200,2212,12,390,402,357,2475,130,154,24,"0","0","1","0","1","0","0"
"4276405",9,24,4,"WN","LAX","LAS",620,618,-2,70,66,44,236,730,724,-6,"0","0","0","0","0","0","0"
"3761414",8,21,5,"UA","ORD","LAS",2225,2234,9,239,248,195,1514,24,42,18,"0","0","1","0","1","0","0"
"1148865",3,16,1,"OO","ORD","DFW",1241,1238,-3,160,142,116,802,1521,1500,-21,"0","0","0","0","0","0","0"
"4001957",9,6,7,"UA","DEN","DFW",955,1010,15,125,106,84,641,1300,1256,-4,"0","0","0","0","0","0","0"
"3406660",7,31,5,"DL","JFK","DEN",1830,1835,5,288,279,232,1626,2118,2114,-4,"0","0","0","0","0","0","0"
"1042367",3,9,1,"UA","ORD","LAX",2049,2047,-2,278,274,238,1744,2327,2321,-6,"0","0","0","0","0","0","0"
"1985068",5,7,4,"DL","ORD","ATL",535,534,-1,115,109,82,606,830,823,-7,"0","0","0","0","0","0","0"
"5808683",12,31,4,"DL","ATL","SEA",824,824,0,335,321,281,2182,1059,1045,-14,"0","0","0","0","0","0","0"
"3541970",8,8,6,"DL","ATL","CLT",1918,1919,1,77,58,37,226,2035,2017,-18,"0","0","0","0","0","0","0"
"2632664",6,15,1,"DL","JFK","ATL",1755,1811,16,178,142,114,760,2053,2033,-20,"0","0","0","0","0","0","0"
"3858910",8,28,5,"DL","LAX","JFK",615,620,5,338,322,302,2475,1453,1442,-11,"0","0","0","0","0","0","0"
"5323011",11,30,1,"DL","DEN","ATL",115,116,1,168,189,137,1199,603,625,22,"0","0","1","0","0","0","0"
"2091829",5,13,3,"WN","SEA","LAS",1540,1538,-2,140,139,122,867,1800,1757,-3,"0","0","0","0","0","0","0"
"3445315",8,3,1,"DL","ATL","SEA",815,823,8,317,318,284,2182,1032,1041,9,"0","0","0","0","0","0","0"
"3783453",8,23,7,"DL","ATL","SFO",1407,1440,33,310,297,267,2139,1617,1637,20,"0","0","0","0","1","0","0"
"2255650",5,23,6,"AA","DFW","ORD",1610,1657,47,144,130,104,802,1834,1907,33,"0","0","0","0","1","1","0"
"680797",2,14,6,"UA","LAX","JFK",2159,NA,NA,317,NA,NA,2475,616,NA,NA,"0","1","0","0","0","0","0"
"1430949",4,2,4,"DL","ORD","ATL",1535,1554,19,120,144,106,606,1835,1918,43,"0","0","1","0","1","1","0"
"4055561",9,9,3,"UA","LAX","ORD",1810,1803,-7,243,231,206,1744,13,2354,-19,"0","0","0","0","0","0","0"
"2852118",6,28,7,"WN","DEN","LAS",1820,1824,4,115,100,81,628,1915,1904,-11,"0","0","0","0","0","0","0"
"3188132",7,18,6,"UA","LAX","ORD",2345,41,56,239,225,195,1744,544,626,42,"0","0","0","0","1","1","0"
"1973971",5,6,3,"AA","LAS","JFK",1055,1054,-1,311,312,287,2248,1906,1906,0,"0","0","0","0","0","0","0"
"4368310",9,29,2,"AA","ORD","SFO",2030,2030,0,284,281,252,1846,2314,2311,-3,"0","0","0","0","0","0","0"
"2897686",7,1,3,"AA","ORD","JFK",1308,1312,4,140,128,100,740,1628,1620,-8,"0","0","0","0","0","0","0"
"140640",1,9,5,"AA","LAS","LAX",2010,2034,24,72,76,43,236,2122,2150,28,"0","0","1","0","0","1","0"
"1440685",4,3,5,"AA","DFW","ORD",830,830,0,143,139,97,802,1053,1049,-4,"0","0","0","0","0","0","0"
"5057613",11,12,4,"UA","ORD","LAS",1554,1605,11,244,238,212,1514,1758,1803,5,"0","0","0","0","0","0","0"
"3618345",8,13,4,"UA","DEN","SFO",1115,1119,4,161,150,127,967,1256,1249,-7,"0","0","0","0","0","0","0"
"5084391",11,14,6,"WN","ATL","LAS",1020,1021,1,285,254,233,1747,1205,1135,-30,"0","0","0","0","0","0","0"
"5504426",12,11,5,"UA","DEN","ORD",1442,1435,-7,148,133,104,888,1810,1748,-22,"0","0","0","0","0","0","0"
"577147",2,8,7,"DL","LAX","ATL",915,913,-2,257,230,210,1947,1632,1603,-29,"0","0","0","0","0","0","0"
"4214652",9,20,7,"WN","LAX","LAS",850,845,-5,65,67,42,236,955,952,-3,"0","0","0","0","0","0","0"
"3789717",8,23,7,"AA","DFW","LAX",2025,2025,0,207,211,159,1235,2152,2156,4,"0","0","0","0","0","0","0"
"40352",1,3,6,"AA","ATL","DFW",1530,1529,-1,150,155,122,731,1700,1704,4,"0","0","0","0","0","0","0"
"4207337",9,19,6,"AA","DFW","LAX",1500,1518,18,206,194,166,1235,1626,1632,6,"0","0","0","0","0","0","0"
"5136408",11,17,2,"UA","SFO","DEN",1652,1655,3,155,140,118,967,2027,2015,-12,"0","0","0","0","0","0","0"
"156097",1,11,7,"UA","DEN","LAX",805,803,-2,148,137,119,862,933,920,-13,"0","0","0","0","0","0","0"
"5313357",11,29,7,"UA","SFO","LAX",1302,1258,-4,93,85,53,337,1435,1423,-12,"0","0","0","0","0","0","0"
"2711020",6,20,6,"DL","ATL","ORD",1025,1026,1,122,124,86,606,1127,1130,3,"0","0","0","0","0","0","0"
"2635978",6,15,1,"AS","SEA","SFO",2140,2145,5,133,124,99,679,2353,2349,-4,"0","0","0","0","0","0","0"
"2934510",7,3,5,"UA","SFO","ORD",1618,1611,-7,248,246,222,1846,2226,2217,-9,"0","0","0","0","0","0","0"
"5368988",12,2,3,"OO","SFO","DFW",1900,1856,-4,207,201,173,1464,27,17,-10,"0","0","0","0","0","0","0"
"552708",2,6,5,"WN","DEN","SFO",1200,1427,147,170,176,140,967,1350,1623,153,"0","0","1","0","0","0","1"
"745569",2,19,4,"DL","DFW","ATL",700,657,-3,124,128,92,731,1004,1005,1,"0","0","0","0","0","0","0"
"1591562",4,12,7,"WN","DEN","SEA",1705,1713,8,170,164,149,1024,1855,1857,2,"0","0","0","0","0","0","0"
"2558486",6,11,4,"DL","DEN","ATL",1015,1009,-6,185,191,160,1199,1520,1520,0,"0","0","0","0","0","0","0"
"4183710",9,18,5,"DL","JFK","ATL",629,626,-3,154,135,102,760,903,841,-22,"0","0","0","0","0","0","0"
"14164",1,2,5,"AA","DFW","ORD",545,736,111,140,117,97,802,805,933,88,"0","0","0","0","0","1","0"
"4337148",9,28,1,"AA","SFO","DFW",515,514,-1,211,214,176,1464,1046,1048,2,"0","0","0","0","0","0","0"
"1046490",3,10,2,"DL","ATL","LAX",810,810,0,307,294,258,1947,1017,1004,-13,"0","0","0","0","0","0","0"
"1545222",4,9,4,"UA","ORD","SFO",1702,1727,25,289,273,254,1846,1951,2000,9,"0","0","0","0","0","0","0"
"3071373",7,12,7,"AA","JFK","ORD",705,704,-1,166,167,125,740,851,851,0,"0","0","0","0","0","0","0"
"5521353",12,12,6,"AA","CLT","ORD",1750,1749,-1,131,125,90,599,1901,1854,-7,"0","0","0","0","0","0","0"
"3387574",7,30,4,"AS","SEA","ORD",1700,1659,-1,226,223,205,1721,2246,2242,-4,"0","0","0","0","0","0","0"
"1120246",3,14,6,"AA","DFW","LAS",1555,1732,97,179,163,135,1055,1654,1815,81,"0","0","0","0","1","1","0"
"103262",1,7,3,"DL","CLT","ATL",1430,1428,-2,82,78,46,226,1552,1546,-6,"0","0","0","0","0","0","0"
"3239790",7,22,3,"DL","CLT","ATL",530,529,-1,70,56,38,226,640,625,-15,"0","0","0","0","0","0","0"
"941694",3,3,2,"AA","LAX","ORD",1620,1640,20,237,207,187,1744,2217,2207,-10,"0","0","0","0","0","0","0"
"1361670",3,29,7,"AA","DFW","CLT",1335,1331,-4,154,164,127,936,1709,1715,6,"0","0","0","0","0","0","0"
"2130478",5,15,5,"AA","ORD","SEA",2025,2032,7,279,266,226,1721,2304,2258,-6,"0","0","0","0","0","0","0"
"5211341",11,22,7,"OO","ORD","CLT",1354,1645,171,117,101,80,599,1651,1926,155,"0","0","0","0","1","0","0"
"1433945",4,2,4,"OO","SFO","LAS",1832,1826,-6,93,86,63,414,2005,1952,-13,"0","0","0","0","0","0","0"
"3190116",7,19,7,"DL","JFK","LAX",720,729,9,375,391,312,2475,1035,1100,25,"0","0","1","0","0","1","0"
"5147884",11,18,3,"DL","SEA","ATL",1200,1204,4,282,286,243,2182,1942,1950,8,"0","0","0","0","0","0","0"
"5344809",12,1,2,"AA","JFK","CLT",1015,1010,-5,123,126,101,541,1218,1216,-2,"0","0","0","0","0","0","0"
"4069664",9,10,4,"AA","DFW","ATL",1645,1655,10,129,184,148,731,1954,2059,65,"0","0","1","0","1","0","0"
"2782258",6,24,3,"UA","SFO","ORD",1452,1501,9,268,249,214,1846,2120,2110,-10,"0","0","0","0","0","0","0"
"4274209",9,23,3,"UA","ORD","SFO",2020,2023,3,285,274,250,1846,2305,2257,-8,"0","0","0","0","0","0","0"
"2941225",7,4,6,"AA","SFO","DFW",825,819,-6,211,199,178,1464,1356,1338,-18,"0","0","0","0","0","0","0"
"909722",3,1,7,"DL","JFK","LAX",1700,2014,194,400,NA,NA,2475,2040,NA,NA,"0","1","0","0","0","0","0"
"2410921",6,2,2,"AS","SEA","DEN",1320,1323,3,160,155,127,1024,1700,1658,-2,"0","0","0","0","0","0","0"
"4122717",9,14,1,"AA","DFW","DEN",951,946,-5,121,110,95,641,1052,1036,-16,"0","0","0","0","0","0","0"
"1556371",4,10,5,"DL","ORD","ATL",1115,1111,-4,116,100,83,606,1411,1351,-20,"0","0","0","0","0","0","0"
"1388813",3,31,2,"UA","SFO","LAX",700,658,-2,95,86,56,337,835,824,-11,"0","0","0","0","0","0","0"
"136036",1,9,5,"DL","ORD","ATL",1530,1530,0,122,113,88,606,1832,1823,-9,"0","0","0","0","0","0","0"
"909055",3,1,7,"AA","LAS","ORD",1617,1649,32,203,176,157,1514,2140,2145,5,"0","0","0","0","0","0","0"
"5754762",12,27,7,"UA","SFO","LAX",1954,1959,5,95,127,53,337,2129,2206,37,"0","0","1","0","0","0","0"
"3676155",8,16,7,"WN","ATL","LAX",2040,2101,21,290,264,243,1947,2230,2225,-5,"0","0","0","0","0","0","0"
"3677310",8,16,7,"AA","SFO","JFK",2255,2251,-4,343,336,306,2586,738,727,-11,"0","0","0","0","0","0","0"
"3728246",8,20,4,"AS","DEN","SEA",600,555,-5,160,164,140,1024,740,739,-1,"0","0","0","0","0","0","0"
"4356277",9,29,2,"UA","DEN","LAX",800,754,-6,149,168,123,862,929,942,13,"0","0","0","0","0","0","0"
"3387840",7,30,4,"AA","DFW","SEA",1715,1720,5,258,242,220,1660,1933,1922,-11,"0","0","0","0","0","0","0"
"3393418",7,31,5,"UA","LAS","SFO",600,555,-5,95,82,62,414,735,717,-18,"0","0","0","0","0","0","0"
"2232527",5,22,5,"UA","LAX","DEN",824,817,-7,145,131,112,862,1149,1128,-21,"0","0","0","0","0","0","0"
"3880097",8,29,6,"AA","SFO","ORD",1110,1108,-2,260,267,226,1846,1730,1735,5,"0","0","0","0","0","0","0"
"5381046",12,3,4,"AA","CLT","ORD",1450,1454,4,136,121,90,599,1606,1555,-11,"0","0","0","0","0","0","0"
"1996032",5,7,4,"WN","LAX","DEN",1610,1636,26,140,119,107,862,1930,1935,5,"0","0","0","0","0","0","0"
"1174221",3,17,2,"DL","ATL","LAX",2212,2210,-2,311,267,240,1947,23,2337,-46,"0","0","0","0","0","0","0"
"934104",3,3,2,"WN","LAS","SFO",840,838,-2,100,81,64,414,1020,959,-21,"0","0","0","0","0","0","0"
"5758762",12,28,1,"WN","DEN","ATL",645,643,-2,175,175,146,1199,1140,1138,-2,"0","0","0","0","0","0","0"
"5335074",11,30,1,"AA","ORD","DFW",1710,1707,-3,163,158,136,802,1953,1945,-8,"0","0","0","0","0","0","0"
"1390593",3,31,2,"OO","DFW","SFO",845,845,0,249,257,222,1464,1054,1102,8,"0","0","0","0","0","0","0"
"4339314",9,28,1,"AA","JFK","LAS",730,729,-1,344,328,294,2248,1014,957,-17,"0","0","0","0","0","0","0"
"3243796",7,22,3,"DL","LAX","SFO",905,901,-4,80,85,53,337,1025,1026,1,"0","0","0","0","0","0","0"
"1364683",3,29,7,"OO","LAS","SEA",1636,1626,-10,164,152,132,867,1920,1858,-22,"0","0","0","0","0","0","0"
"68658",1,5,1,"WN","LAX","DEN",1120,1129,9,140,139,124,862,1440,1448,8,"0","0","0","0","0","0","0"
"1364195",3,29,7,"DL","JFK","SEA",1605,1615,10,381,356,328,2422,1926,1911,-15,"0","0","0","0","0","0","0"
"3997637",9,5,6,"AA","DFW","SEA",1850,1901,11,259,249,224,1660,2109,2110,1,"0","0","0","0","0","0","0"
"3488899",8,5,3,"OO","DEN","SEA",1659,1653,-6,175,172,143,1024,1854,1845,-9,"0","0","0","0","0","0","0"
"480766",2,1,7,"AS","ATL","SEA",1810,1808,-2,340,322,304,2182,2050,2030,-20,"0","0","0","0","0","0","0"
"2097943",5,14,4,"AA","SEA","DFW",15,15,0,235,235,205,1660,610,610,0,"0","0","0","0","0","0","0"
"5251888",11,25,3,"DL","LAS","SEA",720,718,-2,169,148,130,867,1009,946,-23,"0","0","0","0","0","0","0"
"2611486",6,14,7,"UA","ORD","SFO",1407,1405,-2,279,287,260,1846,1646,1652,6,"0","0","0","0","0","0","0"
"366971",1,25,7,"UA","LAX","ORD",845,859,14,250,282,254,1744,1455,1541,46,"0","0","1","0","1","0","0"
"5013218",11,9,1,"WN","DEN","ATL",2020,2016,-4,160,155,136,1199,100,51,-9,"0","0","0","0","0","0","0"
"1944256",5,4,1,"WN","ATL","LAS",1420,1420,0,270,252,225,1747,1550,1532,-18,"0","0","0","0","0","0","0"
"892072",2,28,6,"DL","ATL","JFK",1205,1202,-3,135,124,93,760,1420,1406,-14,"0","0","0","0","0","0","0"
"2088173",5,13,3,"WN","DEN","SEA",1200,1208,8,170,159,138,1024,1350,1347,-3,"0","0","0","0","0","0","0"
"3104035",7,14,2,"UA","SEA","SFO",520,518,-2,137,118,101,679,737,716,-21,"0","0","0","0","0","0","0"
"2318305",5,27,3,"UA","LAX","SFO",1812,2044,152,83,79,54,337,1935,2203,148,"0","0","1","0","0","1","0"
"5531161",12,13,7,"UA","DEN","SFO",1400,1748,228,174,166,141,967,1554,1934,220,"0","0","0","0","0","1","0"
"2020382",5,9,6,"AA","DEN","ORD",715,712,-3,151,175,124,888,1046,1107,21,"0","0","1","0","0","0","0"
"2427409",6,3,3,"OO","ORD","DFW",1300,1306,6,159,141,108,802,1539,1527,-12,"0","0","0","0","0","0","0"
"3987053",9,5,6,"AA","SFO","CLT",5,6,1,303,300,275,2296,808,806,-2,"0","0","0","0","0","0","0"
"2999555",7,7,2,"DL","SEA","LAX",1855,1907,12,165,166,128,954,2140,2153,13,"0","0","0","0","0","0","0"
"5647368",12,20,7,"AA","DFW","LAS",1850,1907,17,183,191,159,1055,1953,2018,25,"0","0","1","0","1","0","0"
"2583111",6,12,5,"WN","LAS","DEN",1720,1739,19,115,109,83,628,2015,2028,13,"0","0","0","0","0","0","0"
"1339567",3,27,5,"DL","LAX","ATL",2357,32,35,251,253,226,1947,708,745,37,"0","0","1","0","1","0","0"
"4000476",9,6,7,"AA","CLT","DFW",759,757,-2,170,146,119,936,949,923,-26,"0","0","0","0","0","0","0"
"5747253",12,27,7,"WN","LAX","LAS",1200,1159,-1,65,61,38,236,1305,1300,-5,"0","0","0","0","0","0","0"
"1204764",3,19,4,"UA","JFK","SFO",1826,1823,-3,398,392,346,2586,2204,2155,-9,"0","0","0","0","0","0","0"
"2241544",5,22,5,"DL","DFW","ATL",1715,1716,1,132,121,94,731,2027,2017,-10,"0","0","0","0","0","0","0"
"5024774",11,10,2,"WN","SFO","DEN",1540,1538,-2,150,132,116,967,1910,1850,-20,"0","0","0","0","0","0","0"
"3044725",7,10,5,"DL","LAX","ATL",1210,1210,0,275,243,221,1947,1945,1913,-32,"0","0","0","0","0","0","0"
"5815027",12,31,4,"UA","LAS","SFO",1526,1531,5,100,86,67,414,1706,1657,-9,"0","0","0","0","0","0","0"
"139657",1,9,5,"AA","CLT","JFK",1905,1906,1,105,111,76,541,2050,2057,7,"0","0","0","0","0","0","0"
"3709172",8,18,2,"AS","ORD","SEA",1940,2115,95,265,304,224,1721,2205,19,134,"0","0","1","0","0","0","1"
"128181",1,9,5,"DL","CLT","ATL",740,909,89,85,58,43,226,905,1007,62,"0","0","0","0","1","0","0"
"3746213",8,21,5,"AA","LAX","SFO",650,645,-5,88,75,54,337,818,800,-18,"0","0","0","0","0","0","0"
"2412984",6,2,2,"AA","DFW","DEN",1525,1526,1,131,127,97,641,1636,1633,-3,"0","0","0","0","0","0","0"
"3754503",8,21,5,"AS","SEA","LAX",1445,1540,55,169,152,122,954,1734,1812,38,"0","0","0","0","0","1","0"
"5524111",12,13,7,"OO","LAS","SFO",610,603,-7,100,107,76,414,750,750,0,"0","0","0","0","0","0","0"
"1953896",5,5,2,"AA","ORD","DFW",720,750,30,159,139,115,802,959,1009,10,"0","0","0","0","0","0","0"
"367764",1,25,7,"DL","ATL","DFW",944,942,-2,155,147,123,731,1119,1109,-10,"0","0","0","0","0","0","0"
"4089708",9,11,5,"AA","DFW","ORD",2200,2156,-4,148,132,100,802,28,8,-20,"0","0","0","0","0","0","0"
"4361467",9,29,2,"AA","DFW","LAX",1315,1315,0,203,191,158,1235,1438,1426,-12,"0","0","0","0","0","0","0"
"2474039",6,6,6,"AA","LAX","JFK",900,854,-6,344,318,291,2475,1744,1712,-32,"0","0","0","0","0","0","0"
"893061",2,28,6,"DL","DFW","ATL",1315,1340,25,122,127,88,731,1617,1647,30,"0","0","1","0","0","0","1"
"3182949",7,18,6,"AA","ATL","CLT",1535,1633,58,87,162,52,226,1702,1915,133,"0","0","1","0","0","1","1"
"3054291",7,10,5,"AA","SEA","CLT",2210,2218,8,291,297,275,2279,601,615,14,"0","0","0","0","0","0","0"
"4124089",9,14,1,"UA","SEA","SFO",1107,1154,47,136,140,104,679,1323,1414,51,"0","0","1","0","0","0","0"
"5175808",11,20,5,"AA","LAX","JFK",700,702,2,323,290,270,2475,1523,1452,-31,"0","0","0","0","0","0","0"
"4266833",9,23,3,"UA","SFO","LAS",1244,1300,16,101,93,64,414,1425,1433,8,"0","0","0","0","0","0","0"
"1800717",4,25,6,"AS","SEA","LAX",1425,1419,-6,157,139,110,954,1702,1638,-24,"0","0","0","0","0","0","0"
"3817093",8,25,2,"DL","SFO","ATL",1410,1404,-6,288,257,238,2139,2158,2121,-37,"0","0","0","0","0","0","0"
"1125203",3,15,7,"UA","SFO","DEN",542,542,0,153,140,119,967,915,902,-13,"0","0","0","0","0","0","0"
"422765",1,28,3,"OO","DFW","ORD",1801,1751,-10,137,139,111,802,2018,2010,-8,"0","0","0","0","0","0","0"
"3813893",8,25,2,"AA","DFW","ORD",1100,1145,45,150,141,117,802,1330,1406,36,"0","0","0","0","1","0","0"
"559724",2,6,5,"WN","SEA","LAS",1900,1920,20,135,149,124,867,2115,2149,34,"0","0","1","0","0","1","0"
"1608920",4,13,1,"DL","ATL","DFW",1730,1730,0,151,133,111,731,1901,1843,-18,"0","0","0","0","0","0","0"
"2464222",6,5,5,"AA","LAX","DFW",1540,1534,-6,192,172,152,1235,2052,2026,-26,"0","0","0","0","0","0","0"
"1325941",3,27,5,"UA","SFO","LAS",827,822,-5,98,88,66,414,1005,950,-15,"0","0","0","0","0","0","0"
"3722307",8,19,3,"UA","LAS","SFO",1616,1621,5,99,92,72,414,1755,1753,-2,"0","0","0","0","0","0","0"
"344183",1,23,5,"UA","ORD","CLT",1316,1312,-4,115,118,87,599,1611,1610,-1,"0","0","0","0","0","0","0"
"2913687",7,2,4,"AA","DFW","SFO",1200,1450,170,230,205,186,1464,1350,1615,145,"0","0","0","0","1","0","0"
"1787025",4,24,5,"DL","ATL","ORD",1610,1608,-2,129,117,94,606,1719,1705,-14,"0","0","0","0","0","0","0"
"5385066",12,3,4,"AA","DFW","LAS",1850,1848,-2,183,167,144,1055,1953,1935,-18,"0","0","0","0","0","0","0"
"713919",2,17,2,"DL","LAX","ATL",730,728,-2,252,243,220,1947,1442,1431,-11,"0","0","0","0","0","0","0"
"223130",1,15,4,"AA","ORD","LAX",1255,1259,4,268,231,215,1744,1523,1450,-33,"0","0","0","0","0","0","0"
"2544085",6,10,3,"DL","SFO","LAX",1300,1307,7,90,79,59,337,1430,1426,-4,"0","0","0","0","0","0","0"
"4342615",9,28,1,"UA","SFO","JFK",1040,1140,60,335,311,285,2586,1915,1951,36,"0","0","0","0","1","1","0"
"3195779",7,19,7,"UA","LAS","SFO",1259,1452,113,111,82,61,414,1450,1614,84,"0","0","0","0","1","1","0"
"249681",1,17,6,"AA","JFK","SFO",800,759,-1,401,395,364,2586,1141,1134,-7,"0","0","0","0","0","0","0"
"4951977",11,5,4,"AA","JFK","LAX",2100,2106,6,388,394,357,2475,28,40,12,"0","0","0","0","0","0","0"
"4936260",11,4,3,"UA","LAX","SFO",2252,2250,-2,89,90,57,337,21,20,-1,"0","0","0","0","0","0","0"
"3866504",8,28,5,"WN","SFO","LAX",1330,1325,-5,85,76,55,337,1455,1441,-14,"0","0","0","0","0","0","0"
"2831440",6,27,6,"WN","SFO","LAS",1235,1230,-5,90,83,70,414,1405,1353,-12,"0","0","0","0","0","0","0"
"3289985",7,24,5,"AA","CLT","LAX",2015,2036,21,310,290,258,2125,2225,2226,1,"0","0","0","0","0","0","0"
"5129910",11,17,2,"AA","SFO","LAX",1010,1004,-6,88,80,53,337,1138,1124,-14,"0","0","0","0","0","0","0"
"621535",2,11,3,"AS","SFO","SEA",700,648,-12,120,136,98,679,900,904,4,"0","0","0","0","0","0","0"
"2856803",6,29,1,"AS","ORD","SEA",615,613,-2,265,247,229,1721,840,820,-20,"0","0","0","0","0","0","0"
"4045329",9,9,3,"DL","ATL","CLT",725,732,7,74,88,52,226,839,900,21,"0","0","1","0","1","0","0"
"5015320",11,10,2,"OO","DFW","ORD",603,553,-10,140,142,108,802,823,815,-8,"0","0","0","0","0","0","0"
"3677226",8,16,7,"UA","ORD","LAS",2230,2310,40,242,211,192,1514,32,41,9,"0","0","0","0","0","0","0"
"1983994",5,6,3,"OO","ATL","ORD",2118,2111,-7,138,119,93,606,2236,2210,-26,"0","0","0","0","0","0","0"
"2173297",5,18,1,"AA","LAX","JFK",1650,1711,21,327,353,333,2475,117,204,47,"0","0","1","0","1","1","0"
"3672673",8,16,7,"AA","ORD","DEN",1715,1713,-2,170,147,130,888,1905,1840,-25,"0","0","0","0","0","0","0"
"3620751",8,13,4,"UA","LAX","SFO",1340,1339,-1,94,78,50,337,1514,1457,-17,"0","0","0","0","0","0","0"
"782981",2,21,6,"DL","LAS","ATL",1230,1229,-1,230,217,181,1747,1920,1906,-14,"0","0","0","0","0","0","0"
"1841874",4,28,2,"DL","ATL","SFO",810,807,-3,325,286,265,2139,1035,953,-42,"0","0","0","0","0","0","0"
"2977473",7,6,1,"WN","LAX","DEN",1415,1423,8,140,126,111,862,1735,1729,-6,"0","0","0","0","0","0","0"
"136757",1,9,5,"DL","ATL","LAX",1613,1612,-1,307,304,256,1947,1820,1816,-4,"0","0","0","0","0","0","0"
"4227412",9,21,1,"DL","DEN","JFK",40,39,-1,231,216,191,1626,631,615,-16,"0","0","0","0","0","0","0"
"514416",2,3,2,"UA","SFO","ORD",2240,2237,-3,241,235,207,1846,441,432,-9,"0","0","0","0","0","0","0"
"62724",1,5,1,"UA","LAX","DEN",550,547,-3,145,150,121,862,915,917,2,"0","0","0","0","0","0","0"
"1144986",3,16,1,"UA","SFO","JFK",850,846,-4,335,305,279,2586,1725,1651,-34,"0","0","0","0","0","0","0"
"3501047",8,6,4,"AA","CLT","ORD",1145,1152,7,134,113,88,599,1259,1245,-14,"0","0","0","0","0","0","0"
"1198235",3,19,4,"UA","ORD","SEA",1200,1159,-1,276,256,243,1721,1436,1415,-21,"0","0","0","0","0","0","0"
"5215725",11,22,7,"AA","JFK","CLT",1830,1826,-4,127,122,91,541,2037,2028,-9,"0","0","0","0","0","0","0"
"2223405",5,21,4,"UA","DEN","ORD",1624,1630,6,151,141,110,888,1955,1951,-4,"0","0","0","0","0","0","0"
"4251546",9,22,2,"UA","SFO","ORD",1305,1304,-1,248,248,211,1846,1913,1912,-1,"0","0","0","0","0","0","0"
"1523700",4,8,3,"UA","SFO","LAX",1214,1213,-1,96,75,52,337,1350,1328,-22,"0","0","0","0","0","0","0"
"3937917",9,2,3,"DL","SEA","ATL",615,617,2,284,288,254,2182,1359,1405,6,"0","0","0","0","0","0","0"
"3553440",8,9,7,"AA","JFK","LAX",1500,1455,-5,384,350,314,2475,1824,1745,-39,"0","0","0","0","0","0","0"
"1501583",4,7,2,"AS","SEA","LAX",640,643,3,160,156,134,954,920,919,-1,"0","0","0","0","0","0","0"
"3261868",7,23,4,"AA","DFW","CLT",955,952,-3,154,148,124,936,1329,1320,-9,"0","0","0","0","0","0","0"
"4070585",9,10,4,"OO","DFW","ORD",1739,1743,4,150,142,109,802,2009,2005,-4,"0","0","0","0","0","0","0"
"3322861",7,26,7,"AA","DFW","SEA",2205,2200,-5,254,239,203,1660,19,2359,-20,"0","0","0","0","0","0","0"
"4078434",9,11,5,"WN","DEN","LAX",925,927,2,150,138,110,862,1055,1045,-10,"0","0","0","0","0","0","0"
"2939680",7,4,6,"DL","SEA","LAX",644,644,0,166,173,139,954,930,937,7,"0","0","0","0","0","0","0"
"5576643",12,16,3,"DL","LAX","JFK",1130,1150,20,325,316,278,2475,1955,2006,11,"0","0","0","0","0","0","0"
"2532888",6,9,2,"UA","DEN","LAS",1850,1852,2,116,123,99,628,1946,1955,9,"0","0","0","0","0","0","0"
"2852268",6,28,7,"DL","JFK","LAS",1830,1904,34,352,332,290,2248,2122,2136,14,"0","0","0","0","0","0","0"
"497433",2,2,1,"DL","JFK","ATL",1925,NA,NA,164,NA,NA,760,2209,NA,NA,"0","1","0","0","0","0","0"
"1550493",4,10,5,"UA","LAX","DEN",551,543,-8,145,126,106,862,916,849,-27,"0","0","0","0","0","0","0"
"274954",1,19,1,"AS","SEA","DFW",650,649,-1,216,232,186,1660,1226,1241,15,"0","0","1","0","0","0","0"
"882311",2,27,5,"DL","ATL","JFK",1735,1733,-2,145,148,103,760,2000,2001,1,"0","0","0","0","0","0","0"
"3713025",8,19,3,"AA","DFW","LAS",705,705,0,171,172,140,1055,756,757,1,"0","0","0","0","0","0","0"
"4350290",9,28,1,"DL","CLT","ATL",1815,1809,-6,88,68,43,226,1943,1917,-26,"0","0","0","0","0","0","0"
"4292567",9,25,5,"DL","LAS","ATL",600,600,0,235,228,210,1747,1255,1248,-7,"0","0","0","0","0","0","0"
"1778062",4,24,5,"DL","SEA","JFK",720,717,-3,314,295,271,2422,1534,1512,-22,"0","0","0","0","0","0","0"
"4949851",11,5,4,"DL","DFW","ATL",1830,1853,23,124,141,95,731,2134,2214,40,"0","0","1","0","1","1","0"
"1651438",4,16,4,"AA","DFW","LAX",1024,1023,-1,212,189,163,1235,1156,1132,-24,"0","0","0","0","0","0","0"
"2153790",5,17,7,"WN","LAX","ATL",1415,1441,26,260,245,230,1947,2135,2146,11,"0","0","0","0","0","0","0"
"5710515",12,24,4,"UA","DEN","ORD",1750,1805,15,149,119,101,888,2119,2104,-15,"0","0","0","0","0","0","0"
"4319966",9,26,6,"DL","ATL","DEN",1920,1919,-1,198,187,157,1199,2038,2026,-12,"0","0","0","0","0","0","0"
"5184774",11,20,5,"WN","SEA","DEN",1550,1550,0,155,139,120,1024,1925,1909,-16,"0","0","0","0","0","0","0"
"951504",3,4,3,"UA","LAS","SFO",1001,1003,2,104,95,65,414,1145,1138,-7,"0","0","0","0","0","0","0"
"1073172",3,11,3,"AA","DFW","ATL",1815,1810,-5,119,130,101,731,2114,2120,6,"0","0","0","0","0","0","0"
"4342475",9,28,1,"AA","LAX","LAS",1030,1030,0,78,74,47,236,1148,1144,-4,"0","0","0","0","0","0","0"
"2261121",5,24,7,"AS","SEA","LAX",815,808,-7,161,152,119,954,1056,1040,-16,"0","0","0","0","0","0","0"
"2855954",6,29,1,"DL","LAX","ATL",525,533,8,258,251,234,1947,1243,1244,1,"0","0","0","0","0","0","0"
"3071573",7,12,7,"UA","LAS","ORD",715,708,-7,218,222,175,1514,1253,1250,-3,"0","0","0","0","0","0","0"
"131360",1,9,5,"WN","DEN","LAX",1050,1101,11,150,146,115,862,1220,1227,7,"0","0","0","0","0","0","0"
"3371100",7,29,3,"DL","ATL","DEN",1745,1754,9,206,175,156,1199,1911,1849,-22,"0","0","0","0","0","0","0"
"2080522",5,12,2,"AA","DFW","ORD",2140,2133,-7,146,126,106,802,6,2339,-27,"0","0","0","0","0","0","0"
"1204017",3,19,4,"AA","LAS","DFW",1745,1752,7,150,149,128,1055,2215,2221,6,"0","0","0","0","0","0","0"
"2270130",5,24,7,"UA","LAX","SFO",1844,1922,38,82,72,55,337,2006,2034,28,"0","0","0","0","1","1","0"
"5349980",12,1,2,"WN","SFO","DEN",1540,1537,-3,150,141,121,967,1910,1858,-12,"0","0","0","0","0","0","0"
"4959304",11,6,5,"AA","CLT","DFW",1125,1128,3,181,169,140,936,1326,1317,-9,"0","0","0","0","0","0","0"
"5711295",12,24,4,"OO","SFO","LAX",1900,1900,0,90,77,51,337,2030,2017,-13,"0","0","0","0","0","0","0"
"1332678",3,27,5,"UA","ORD","DEN",1504,1506,2,162,142,118,888,1646,1628,-18,"0","0","0","0","0","0","0"
"3880018",8,29,6,"DL","LAS","LAX",1104,1101,-3,71,83,43,236,1215,1224,9,"0","0","0","0","0","0","0"
"638431",2,12,4,"DL","JFK","LAX",810,815,5,400,390,330,2475,1150,1145,-5,"0","0","0","0","0","0","0"
"4994396",11,8,7,"DL","ATL","LAX",1803,1759,-4,307,294,267,1947,2010,1953,-17,"0","0","0","0","0","0","0"
"1041877",3,9,1,"WN","SFO","LAS",2005,2000,-5,85,82,62,414,2130,2122,-8,"0","0","0","0","0","0","0"
"2334009",5,28,4,"WN","DEN","LAX",1700,1728,28,150,149,123,862,1830,1857,27,"0","0","0","0","1","1","0"
"2604036",6,14,7,"UA","ATL","SFO",645,703,18,312,292,265,2139,857,855,-2,"0","0","0","0","0","0","0"
"1748494",4,22,3,"AS","SEA","LAX",1110,1133,23,152,150,122,954,1342,1403,21,"0","0","0","0","1","0","0"
"1506083",4,7,2,"DL","ATL","LAX",1101,1059,-2,304,306,271,1947,1305,1305,0,"0","0","0","0","0","0","0"
"609367",2,10,2,"UA","ORD","LAS",958,1003,5,243,238,210,1514,1201,1201,0,"0","0","0","0","0","0","0"
"4207018",9,19,6,"UA","JFK","LAX",1431,1427,-4,363,362,336,2475,1734,1729,-5,"0","0","0","0","0","0","0"
"5156870",11,18,3,"AA","DFW","LAX",2150,2204,14,199,200,158,1235,2309,2324,15,"0","0","1","0","1","0","0"
"2839673",6,28,7,"WN","SFO","DEN",555,554,-1,155,149,123,967,930,923,-7,"0","0","0","0","0","0","0"
"726283",2,17,2,"AS","SEA","LAX",1955,1952,-3,152,152,130,954,2227,2224,-3,"0","0","0","0","0","0","0"
"2448466",6,4,4,"DL","DFW","ATL",1712,1708,-4,136,122,101,731,2028,2010,-18,"0","0","0","0","0","0","0"
"5045014",11,11,3,"UA","SFO","LAX",1948,1944,-4,101,93,54,337,2129,2117,-12,"0","0","0","0","0","0","0"
"3938957",9,2,3,"AA","ORD","LAX",710,907,117,275,267,228,1744,945,1134,109,"0","0","0","0","1","0","0"
"917225",3,2,1,"UA","ORD","SFO",810,824,14,280,282,256,1846,1050,1106,16,"0","0","1","0","1","0","0"
"2996994",7,7,2,"DL","ATL","SEA",1630,1630,0,326,294,271,2182,1856,1824,-32,"0","0","0","0","0","0","0"
"2607001",6,14,7,"DL","SFO","ATL",945,941,-4,290,278,247,2139,1735,1719,-16,"0","0","0","0","0","0","0"
"5422985",12,6,7,"AA","CLT","DFW",1305,1302,-3,182,168,141,936,1507,1450,-17,"0","0","0","0","0","0","0"
"1540302",4,9,4,"WN","DEN","LAX",1205,1204,-1,155,150,126,862,1340,1334,-6,"0","0","0","0","0","0","0"
"2226851",5,21,4,"DL","CLT","ATL",1945,1941,-4,80,63,40,226,2105,2044,-21,"0","0","0","0","0","0","0"
"534517",2,5,4,"UA","DEN","DFW",955,954,-1,117,138,87,641,1252,1312,20,"0","0","1","0","0","0","0"
"5520380",12,12,6,"DL","ATL","DEN",1630,1630,0,207,199,171,1199,1757,1749,-8,"0","0","0","0","0","0","0"
"3977713",9,4,5,"UA","ORD","LAS",1225,1256,31,237,226,200,1514,1422,1442,20,"0","0","0","0","0","1","0"
"3103720",7,13,1,"DL","LAX","JFK",2305,2320,15,325,317,284,2475,730,737,7,"0","0","0","0","0","0","0"
"5261038",11,25,3,"AA","CLT","SFO",1635,1628,-7,348,334,299,2296,1923,1902,-21,"0","0","0","0","0","0","0"
"1831810",4,27,1,"DL","DFW","ATL",1445,1442,-3,127,106,93,731,1752,1728,-24,"0","0","0","0","0","0","0"
"393652",1,26,1,"AA","DFW","ATL",1950,1949,-1,114,107,91,731,2244,2236,-8,"0","0","0","0","0","0","0"
"4985445",11,8,7,"DL","LAS","LAX",856,854,-2,74,60,42,236,1010,954,-16,"0","0","0","0","0","0","0"
"3560284",8,9,7,"OO","SFO","LAX",2230,2223,-7,95,93,57,337,5,2356,-9,"0","0","0","0","0","0","0"
"2433718",6,3,3,"UA","LAX","SFO",1923,1926,3,82,78,54,337,2045,2044,-1,"0","0","0","0","0","0","0"
"330181",1,22,4,"UA","DEN","ORD",1520,1612,52,146,140,117,888,1846,1932,46,"0","0","0","0","1","0","0"
"3535244",8,8,6,"OO","LAX","SFO",1141,1149,8,91,79,54,337,1312,1308,-4,"0","0","0","0","0","0","0"
"2310898",5,27,3,"AS","LAS","SEA",1050,1040,-10,150,152,131,867,1320,1312,-8,"0","0","0","0","0","0","0"
"4231529",9,21,1,"OO","ORD","DFW",912,906,-6,149,142,109,802,1141,1128,-13,"0","0","0","0","0","0","0"
"5415042",12,5,6,"DL","JFK","LAS",1930,1923,-7,356,331,305,2248,2226,2154,-32,"0","0","0","0","0","0","0"
"4930584",11,4,3,"WN","SEA","DEN",1550,1611,21,155,151,133,1024,1925,1942,17,"0","0","0","0","1","1","0"
"3715387",8,19,3,"AS","LAS","SEA",920,909,-11,147,155,129,867,1147,1144,-3,"0","0","0","0","0","0","0"
"585822",2,8,7,"OO","LAS","LAX",1803,1813,10,72,82,44,236,1915,1935,20,"0","0","1","0","1","1","0"
"4361750",9,29,2,"AA","SEA","DFW",1334,1429,55,236,206,187,1660,1930,1955,25,"0","0","0","0","1","0","0"
"1671483",4,17,5,"AA","DFW","CLT",1335,1334,-1,154,149,120,936,1709,1703,-6,"0","0","0","0","0","0","0"
"1650318",4,16,4,"AS","SFO","SEA",915,902,-13,124,117,99,679,1119,1059,-20,"0","0","0","0","0","0","0"
"1519038",4,8,3,"DL","ATL","DFW",738,734,-4,147,137,114,731,905,851,-14,"0","0","0","0","0","0","0"
"132604",1,9,5,"AS","DEN","SEA",1200,1209,9,174,163,147,1024,1354,1352,-2,"0","0","0","0","0","0","0"
"566415",2,7,6,"UA","SFO","LAX",1043,1043,0,94,92,54,337,1217,1215,-2,"0","0","0","0","0","0","0"
"5534205",12,13,7,"AS","LAX","SEA",1710,1703,-7,170,176,139,954,2000,1959,-1,"0","0","0","0","0","0","0"
"4353479",9,28,1,"DL","ATL","CLT",2305,2302,-3,67,52,37,226,12,2354,-18,"0","0","0","0","0","0","0"
"3953144",9,2,3,"AA","CLT","DFW",2215,2253,38,152,150,122,936,2347,23,36,"0","0","0","0","1","0","0"
"2981412",7,6,1,"AS","SEA","ORD",1805,1801,-4,234,228,200,1721,2359,2349,-10,"0","0","0","0","0","0","0"
"5104033",11,15,7,"AA","DEN","ORD",1720,1717,-3,152,140,114,888,2052,2037,-15,"0","0","0","0","0","0","0"
"2823576",6,26,5,"WN","LAS","LAX",2135,2145,10,65,61,40,236,2240,2246,6,"0","0","0","0","0","0","0"
"4381818",9,30,3,"UA","DEN","ATL",1737,1731,-6,174,173,142,1199,2231,2224,-7,"0","0","0","0","0","0","0"
"4917217",11,3,2,"WN","SFO","DEN",1840,1836,-4,145,131,116,967,2205,2147,-18,"0","0","0","0","0","0","0"
"2091878",5,13,3,"AS","SFO","SEA",1545,1544,-1,122,135,101,679,1747,1759,12,"0","0","0","0","0","0","0"
"3677524",8,17,1,"UA","SEA","ORD",42,154,72,238,218,196,1721,640,732,52,"0","0","0","0","1","1","0"
"761166",2,20,5,"UA","JFK","LAX",605,713,68,386,365,341,2475,931,1018,47,"0","0","0","0","0","0","1"
"3514557",8,7,5,"AS","ORD","SEA",800,753,-7,265,268,244,1721,1025,1021,-4,"0","0","0","0","0","0","0"
"464485",1,31,6,"AS","DFW","SEA",1320,1331,11,270,235,216,1660,1550,1526,-24,"0","0","0","0","0","0","0"
"369835",1,25,7,"WN","SFO","LAX",1150,1150,0,90,93,58,337,1320,1323,3,"0","0","0","0","0","0","0"
"47676",1,4,7,"AS","LAX","SEA",700,654,-6,170,182,156,954,950,956,6,"0","0","0","0","0","0","0"
"4278367",9,24,4,"WN","LAS","LAX",810,803,-7,65,72,43,236,915,915,0,"0","0","0","0","0","0","0"
"3501891",8,6,4,"UA","DEN","ORD",1232,1230,-2,146,130,110,888,1558,1540,-18,"0","0","0","0","0","0","0"
"5494627",12,10,4,"DL","ATL","ORD",2202,2157,-5,121,128,106,606,2303,2305,2,"0","0","0","0","0","0","0"
"806893",2,23,1,"DL","LAS","ATL",715,710,-5,229,214,189,1747,1404,1344,-20,"0","0","0","0","0","0","0"
"5581556",12,16,3,"WN","LAS","SFO",1640,1651,11,90,86,69,414,1810,1817,7,"0","0","0","0","0","0","0"
"4985171",11,8,7,"AA","SFO","JFK",840,832,-8,337,345,304,2586,1717,1717,0,"0","0","0","0","0","0","0"
"1407558",4,1,3,"AA","DFW","SFO",905,905,0,233,219,201,1464,1058,1044,-14,"0","0","0","0","0","0","0"
"1171805",3,17,2,"AS","LAX","SEA",1900,1855,-5,165,151,129,954,2145,2126,-19,"0","0","0","0","0","0","0"
"1759032",4,23,4,"DL","LAX","ATL",115,112,-3,249,231,204,1947,824,803,-21,"0","0","0","0","0","0","0"
"3614753",8,13,4,"AA","CLT","ATL",755,748,-7,79,84,48,226,914,912,-2,"0","0","0","0","0","0","0"
"2266821",5,24,7,"WN","SFO","LAX",1450,1444,-6,85,81,56,337,1615,1605,-10,"0","0","0","0","0","0","0"
"4137092",9,15,2,"UA","SEA","DEN",801,801,0,159,149,126,1024,1140,1130,-10,"0","0","0","0","0","0","0"
"2244225",5,22,5,"OO","ORD","DFW",1950,1952,2,149,139,118,802,2219,2211,-8,"0","0","0","0","0","0","0"
"1718151",4,20,1,"AS","SEA","LAS",1355,1349,-6,141,153,124,867,1616,1622,6,"0","0","0","0","0","0","0"
"5171303",11,19,4,"DL","SEA","LAX",1852,1844,-8,162,158,116,954,2134,2122,-12,"0","0","0","0","0","0","0"
"970105",3,5,4,"UA","SEA","SFO",1211,1200,-11,128,121,96,679,1419,1401,-18,"0","0","0","0","0","0","0"
"2580954",6,12,5,"UA","DEN","LAS",1511,1511,0,114,114,92,628,1605,1605,0,"0","0","0","0","0","0","0"
"2700218",6,19,5,"DL","ATL","LAX",1620,1618,-2,288,292,236,1947,1808,1810,2,"0","0","0","0","0","0","0"
"2734661",6,21,7,"AA","DFW","ORD",1905,1932,27,156,132,110,802,2141,2144,3,"0","0","0","0","0","0","0"
"4036278",9,8,2,"OO","SEA","SFO",1410,1409,-1,130,125,98,679,1620,1614,-6,"0","0","0","0","0","0","0"
"3415014",8,1,6,"DL","DEN","ATL",1015,1019,4,188,177,142,1199,1523,1516,-7,"0","0","0","0","0","0","0"
"3755373",8,21,5,"DL","JFK","LAX",1531,1537,6,389,362,317,2475,1900,1839,-21,"0","0","0","0","0","0","0"
"5223457",11,23,1,"UA","CLT","ORD",1015,1014,-1,124,124,102,599,1119,1118,-1,"0","0","0","0","0","0","0"
"2009408",5,8,5,"AA","DFW","DEN",1235,1231,-4,129,125,100,641,1344,1336,-8,"0","0","0","0","0","0","0"
"5203583",11,21,6,"AS","SEA","LAX",2225,2221,-4,161,168,129,954,106,109,3,"0","0","0","0","0","0","0"
"4911581",11,3,2,"UA","DEN","SFO",1254,1258,4,174,154,136,967,1448,1432,-16,"0","0","0","0","0","0","0"
"5787282",12,29,2,"UA","ORD","SEA",1926,2237,191,280,227,210,1721,2206,24,138,"0","0","0","0","0","1","1"
"1838455",4,27,1,"AA","DFW","SFO",2205,2305,60,234,197,184,1464,2359,22,23,"0","0","0","0","1","1","0"
"258436",1,17,6,"AA","DFW","SFO",1900,1904,4,235,232,211,1464,2055,2056,1,"0","0","0","0","0","0","0"
"4985260",11,8,7,"UA","DEN","LAX",845,843,-2,158,151,124,862,1023,1014,-9,"0","0","0","0","0","0","0"
"5669951",12,22,2,"UA","ATL","DEN",827,846,19,235,206,185,1199,1022,1012,-10,"0","0","0","0","0","0","0"
"5657649",12,21,1,"AA","LAX","LAS",1230,1233,3,74,71,40,236,1344,1344,0,"0","0","0","0","0","0","0"
"1989387",5,7,4,"AA","LAX","ORD",936,931,-5,252,231,208,1744,1548,1522,-26,"0","0","0","0","0","0","0"
"2512325",6,8,1,"AA","ORD","DFW",1531,1533,2,154,191,112,802,1805,1844,39,"0","0","1","0","0","0","0"
"5415328",12,5,6,"AA","JFK","LAX",2000,1959,-1,383,357,336,2475,2323,2256,-27,"0","0","0","0","0","0","0"
"3856674",8,27,4,"DL","JFK","LAX",2030,2035,5,389,380,319,2475,2359,2355,-4,"0","0","0","0","0","0","0"
"2614326",6,14,7,"UA","JFK","LAX",1700,1710,10,377,388,336,2475,2017,2038,21,"0","0","1","0","1","0","0"
"890957",2,28,6,"AA","ORD","DFW",1052,NA,NA,153,NA,NA,802,1325,NA,NA,"0","1","0","0","0","0","0"
"1332465",3,27,5,"UA","LAS","SFO",1454,1507,13,98,79,60,414,1632,1626,-6,"0","0","0","0","0","0","0"
"2947590",7,4,6,"DL","JFK","ATL",1547,1546,-1,173,144,107,760,1840,1810,-30,"0","0","0","0","0","0","0"
"914787",3,2,1,"UA","ORD","SFO",600,713,73,289,299,281,1846,849,1012,83,"0","0","1","0","1","0","0"
"575947",2,8,7,"AA","LAX","JFK",800,756,-4,334,297,270,2475,1634,1553,-41,"0","0","0","0","0","0","0"
"3623424",8,13,4,"AA","DEN","DFW",1618,1607,-11,122,118,84,641,1920,1905,-15,"0","0","0","0","0","0","0"
"1353401",3,28,6,"AS","SEA","LAS",2135,2129,-6,144,136,118,867,2359,2345,-14,"0","0","0","0","0","0","0"
"3166547",7,17,5,"WN","SFO","LAS",1525,1523,-2,90,89,73,414,1655,1652,-3,"0","0","0","0","0","0","0"
"2975141",7,6,1,"AA","LAX","DFW",1200,1303,63,196,186,162,1235,1716,1809,53,"0","0","0","0","0","1","0"
"2605214",6,14,7,"AS","DEN","SEA",800,816,16,169,163,138,1024,949,959,10,"0","0","0","0","0","0","0"
"5501862",12,11,5,"DL","SFO","LAX",1200,1155,-5,80,96,52,337,1320,1331,11,"0","0","0","0","0","0","0"
"3968264",9,3,4,"WN","LAS","SFO",1945,1944,-1,90,86,64,414,2115,2110,-5,"0","0","0","0","0","0","0"
"1093419",3,12,4,"AA","LAX","ATL",2240,2234,-6,255,272,238,1947,555,606,11,"0","0","0","0","0","0","0"
"3565517",8,10,1,"UA","DEN","SFO",955,1007,12,167,163,135,967,1142,1150,8,"0","0","0","0","0","0","0"
"3299634",7,25,6,"WN","LAS","ATL",1335,1344,9,250,229,211,1747,2045,2033,-12,"0","0","0","0","0","0","0"
"3320253",7,26,7,"UA","DEN","LAX",1855,1856,1,152,136,117,862,2027,2012,-15,"0","0","0","0","0","0","0"
"4368730",9,29,2,"DL","SFO","JFK",2115,2115,0,330,339,311,2586,545,554,9,"0","0","0","0","0","0","0"
"2415932",6,2,2,"AA","ORD","LAX",1820,1817,-3,279,247,228,1744,2059,2024,-35,"0","0","0","0","0","0","0"
"3133693",7,15,3,"AA","DFW","DEN",1725,1814,49,128,145,119,641,1833,1939,66,"0","0","1","0","1","1","0"
"2210028",5,20,3,"UA","SFO","SEA",1956,2013,17,128,136,103,679,2204,2229,25,"0","0","1","0","1","0","0"
"1232384",3,21,6,"UA","LAS","SFO",1311,1306,-5,98,91,70,414,1449,1437,-12,"0","0","0","0","0","0","0"
"3069608",7,11,6,"AA","LAX","JFK",2320,2317,-3,337,295,277,2475,757,712,-45,"0","0","0","0","0","0","0"
"5265019",11,25,3,"DL","ATL","CLT",2040,2048,8,77,50,36,226,2157,2138,-19,"0","0","0","0","0","0","0"
"1781552",4,24,5,"UA","ORD","DEN",1041,1039,-2,161,161,142,888,1222,1220,-2,"0","0","0","0","0","0","0"
"3224755",7,21,2,"AA","DFW","DEN",725,717,-8,129,112,92,641,834,809,-25,"0","0","0","0","0","0","0"
"1803116",4,25,6,"DL","ATL","CLT",1721,1720,-1,73,70,44,226,1834,1830,-4,"0","0","0","0","0","0","0"
"683298",2,15,7,"AS","SEA","ORD",830,831,1,232,223,192,1721,1422,1414,-8,"0","0","0","0","0","0","0"
"5641285",12,20,7,"OO","ORD","DFW",1227,1227,0,154,164,132,802,1501,1511,10,"0","0","0","0","0","0","0"
"357742",1,24,6,"AA","LAX","ORD",1200,1157,-3,247,269,242,1744,1807,1826,19,"0","0","1","0","0","0","0"
"5227684",11,23,1,"AA","ORD","DFW",1455,1452,-3,158,134,112,802,1733,1706,-27,"0","0","0","0","0","0","0"
"5108833",11,16,1,"WN","ATL","DEN",535,531,-4,205,191,174,1199,700,642,-18,"0","0","0","0","0","0","0"
"2844192",6,28,7,"AA","LAX","LAS",1020,1011,-9,74,69,48,236,1134,1120,-14,"0","0","0","0","0","0","0"
"3151652",7,16,4,"UA","SEA","DEN",1754,1814,20,152,139,123,1024,2126,2133,7,"0","0","0","0","0","0","0"
"5014182",11,9,1,"WN","ATL","LAS",2205,2227,22,280,271,256,1747,2345,2358,13,"0","0","0","0","0","0","0"
"1387220",3,31,2,"WN","LAS","LAX",540,NA,NA,70,NA,NA,236,650,NA,NA,"0","1","0","0","0","0","0"
"2142253",5,16,6,"DL","JFK","LAS",1710,1710,0,350,332,299,2248,2000,1942,-18,"0","0","0","0","0","0","0"
"3451063",8,3,1,"DL","ATL","DFW",1350,1633,163,139,139,111,731,1509,1752,163,"0","0","0","0","1","1","0"
"3866480",8,28,5,"AS","SEA","LAX",1330,1326,-4,165,168,143,954,1615,1614,-1,"0","0","0","0","0","0","0"
"2359787",5,30,6,"AA","LAS","LAX",930,928,-2,81,64,42,236,1051,1032,-19,"0","0","0","0","0","0","0"
"5201219",11,21,6,"WN","LAX","SFO",1745,1835,50,80,80,51,337,1905,1955,50,"0","0","0","0","1","0","0"
"4226882",9,20,7,"DL","ATL","SEA",2155,2155,0,322,308,286,2182,17,3,-14,"0","0","0","0","0","0","0"
"2594816",6,13,6,"DL","ORD","ATL",1230,1226,-4,119,122,88,606,1529,1528,-1,"0","0","0","0","0","0","0"
"3958465",9,3,4,"UA","DEN","ORD",1005,1009,4,145,156,112,888,1330,1345,15,"0","0","1","0","0","0","0"
"4909520",11,3,2,"DL","SEA","ATL",1045,1042,-3,280,286,252,2182,1825,1828,3,"0","0","0","0","0","0","0"
"475662",2,1,7,"AA","DFW","LAS",1235,1233,-2,185,177,157,1055,1340,1330,-10,"0","0","0","0","0","0","0"
"3368649",7,29,3,"UA","DEN","LAX",1523,1520,-3,149,151,122,862,1652,1651,-1,"0","0","0","0","0","0","0"
"936039",3,3,2,"DL","DEN","ATL",1035,1053,18,177,170,131,1199,1532,1543,11,"0","0","0","0","0","0","0"
"5015090",11,10,2,"DL","LAS","ATL",600,554,-6,226,212,187,1747,1246,1226,-20,"0","0","0","0","0","0","0"
"3883015",8,29,6,"AA","LAX","ORD",1435,1430,-5,257,253,223,1744,2052,2043,-9,"0","0","0","0","0","0","0"
"535305",2,5,4,"AS","LAX","SEA",1040,1048,8,160,151,127,954,1320,1319,-1,"0","0","0","0","0","0","0"
"1848298",4,28,2,"OO","SEA","LAS",1445,1444,-1,147,163,132,867,1712,1727,15,"0","0","1","0","0","0","0"
"2729123",6,21,7,"AA","SFO","DFW",1340,1351,11,219,204,179,1464,1919,1915,-4,"0","0","0","0","0","0","0"
"2366658",5,30,6,"DL","ATL","DFW",1730,1730,0,144,133,107,731,1854,1843,-11,"0","0","0","0","0","0","0"
"1401144",3,31,2,"UA","SFO","SEA",1921,1913,-8,129,135,111,679,2130,2128,-2,"0","0","0","0","0","0","0"
"432542",1,29,4,"UA","SFO","ORD",1200,1155,-5,260,281,202,1846,1820,1836,16,"0","0","1","0","0","0","0"
"2989934",7,7,2,"AA","LAX","ORD",930,931,1,259,230,207,1744,1549,1521,-28,"0","0","0","0","0","0","0"
"1642910",4,15,3,"DL","JFK","SFO",1830,1833,3,410,385,346,2586,2220,2158,-22,"0","0","0","0","0","0","0"
"5030704",11,11,3,"AA","LAS","ORD",515,514,-1,223,185,164,1514,1058,1019,-39,"0","0","0","0","0","0","0"
"3768866",8,22,6,"AA","CLT","LAX",1320,1317,-3,313,303,262,2125,1533,1520,-13,"0","0","0","0","0","0","0"
"3689145",8,17,1,"AA","JFK","LAX",1630,1640,10,390,350,323,2475,2000,1930,-30,"0","0","0","0","0","0","0"
"1888959",5,1,5,"WN","LAX","LAS",545,544,-1,75,63,47,236,700,647,-13,"0","0","0","0","0","0","0"
"4113955",9,13,7,"AS","SEA","LAX",1735,1736,1,160,150,126,954,2015,2006,-9,"0","0","0","0","0","0","0"
"2623794",6,15,1,"AA","DFW","LAX",915,947,32,202,178,159,1235,1037,1045,8,"0","0","0","0","0","0","0"
"1591487",4,12,7,"DL","JFK","LAX",1700,1803,63,395,362,332,2475,2035,2105,30,"0","0","1","0","0","1","0"
"2389500",6,1,1,"DL","LAX","SEA",855,850,-5,165,156,128,954,1140,1126,-14,"0","0","0","0","0","0","0"
"2234572",5,22,5,"WN","SFO","LAX",1020,1035,15,80,97,56,337,1140,1212,32,"0","0","1","0","0","1","0"
"3205254",7,20,1,"UA","SFO","DEN",534,531,-3,156,138,120,967,910,849,-21,"0","0","0","0","0","0","0"
"5569879",12,15,2,"AA","DFW","SEA",2150,2155,5,265,254,232,1660,15,9,-6,"0","0","0","0","0","0","0"
"5592311",12,17,4,"AA","LAX","ORD",1100,1118,18,254,238,207,1744,1714,1716,2,"0","0","0","0","0","0","0"
"3116299",7,14,2,"DL","DEN","ATL",1715,1733,18,184,NA,NA,1199,2219,110,NA,"1","0","0","0","0","0","0"
"5545698",12,14,1,"DL","ATL","LAX",1210,1227,17,310,298,275,1947,1420,1425,5,"0","0","0","0","0","0","0"
"1889430",5,1,5,"DL","LAX","JFK",605,605,0,330,316,296,2475,1435,1421,-14,"0","0","0","0","0","0","0"
"2128112",5,15,5,"DL","ORD","ATL",1800,1826,26,125,118,80,606,2105,2124,19,"0","0","0","0","1","1","0"
"706558",2,16,1,"DL","ATL","LAX",1621,1713,52,314,304,274,1947,1835,1917,42,"0","0","0","0","1","1","0"
"1895500",5,1,5,"AA","DFW","LAS",1155,1157,2,184,164,144,1055,1259,1241,-18,"0","0","0","0","0","0","0"
"267300",1,18,7,"UA","JFK","LAX",1430,1428,-2,385,363,329,2475,1755,1731,-24,"0","0","0","0","0","0","0"
"4905465",11,3,2,"AA","SFO","DFW",645,638,-7,212,212,181,1464,1217,1210,-7,"0","0","0","0","0","0","0"
"211872",1,14,3,"DL","ATL","DFW",1725,1725,0,153,139,112,731,1858,1844,-14,"0","0","0","0","0","0","0"
"2707230",6,20,6,"DL","JFK","ATL",630,625,-5,155,133,106,760,905,838,-27,"0","0","0","0","0","0","0"
"4981941",11,7,6,"UA","SFO","LAX",2115,2109,-6,103,73,54,337,2258,2222,-36,"0","0","0","0","0","0","0"
"2564107",6,11,4,"OO","DFW","ORD",1543,1617,34,155,150,107,802,1818,1847,29,"0","0","1","0","0","0","0"
"4183017",9,18,5,"AA","LAS","DFW",600,556,-4,167,170,136,1055,1047,1046,-1,"0","0","0","0","0","0","0"
"1495320",4,6,1,"AS","LAS","SEA",1700,1652,-8,158,141,120,867,1938,1913,-25,"0","0","0","0","0","0","0"
"1064153",3,11,3,"UA","DFW","DEN",917,909,-8,133,129,99,641,1030,1018,-12,"0","0","0","0","0","0","0"
"3722247",8,19,3,"AA","LAS","DFW",1612,1618,6,168,171,136,1055,2100,2109,9,"0","0","0","0","0","0","0"
"3916373",8,31,1,"AA","DFW","DEN",1725,1720,-5,128,138,112,641,1833,1838,5,"0","0","0","0","0","0","0"
"1192515",3,19,4,"AA","JFK","LAS",635,631,-4,354,340,313,2248,929,911,-18,"0","0","0","0","0","0","0"
"3988467",9,5,6,"AA","DFW","LAS",705,659,-6,171,167,140,1055,756,746,-10,"0","0","0","0","0","0","0"
"4199433",9,19,6,"AA","LAX","DFW",600,559,-1,186,180,158,1235,1106,1059,-7,"0","0","0","0","0","0","0"
"87512",1,6,2,"DL","ORD","ATL",1400,1400,0,126,104,84,606,1706,1644,-22,"0","0","0","0","0","0","0"
"2248695",5,23,6,"OO","SFO","SEA",800,754,-6,130,125,103,679,1010,959,-11,"0","0","0","0","0","0","0"
"3695862",8,18,2,"DL","DEN","ATL",630,629,-1,174,190,167,1199,1124,1139,15,"0","0","1","0","0","0","0"
"1372853",3,30,1,"AA","LAX","DFW",758,752,-6,186,171,153,1235,1304,1243,-21,"0","0","0","0","0","0","0"
"2265533",5,24,7,"AA","LAX","JFK",1320,1315,-5,342,310,288,2475,2202,2125,-37,"0","0","0","0","0","0","0"
"3380991",7,30,4,"WN","LAS","LAX",1025,1029,4,65,59,41,236,1130,1128,-2,"0","0","0","0","0","0","0"
"3547791",8,9,7,"DL","CLT","ATL",915,910,-5,78,64,39,226,1033,1014,-19,"0","0","0","0","0","0","0"
"3780786",8,23,7,"DL","ORD","ATL",1125,1118,-7,118,110,88,606,1423,1408,-15,"0","0","0","0","0","0","0"
"4297095",9,25,5,"OO","DEN","CLT",1010,1021,11,202,212,184,1337,1532,1553,21,"0","0","1","0","1","1","0"
"5220654",11,23,1,"AS","JFK","SEA",715,711,-4,379,372,338,2422,1034,1023,-11,"0","0","0","0","0","0","0"
"161452",1,11,7,"WN","ATL","DEN",1345,1404,19,210,190,174,1199,1515,1514,-1,"0","0","0","0","0","0","0"
"3030805",7,9,4,"AA","DFW","ORD",1540,1535,-5,153,132,109,802,1813,1747,-26,"0","0","0","0","0","0","0"
"3904018",8,31,1,"AA","LAS","ORD",505,501,-4,222,212,185,1514,1047,1033,-14,"0","0","0","0","0","0","0"
"4940706",11,5,4,"DL","JFK","LAX",930,931,1,390,400,351,2475,1300,1311,11,"0","0","0","0","0","0","0"
"1745485",4,22,3,"AA","ATL","ORD",815,800,-15,132,137,95,606,927,917,-10,"0","0","0","0","0","0","0"
"312397",1,21,3,"DL","CLT","ATL",1315,1312,-3,87,79,45,226,1442,1431,-11,"0","0","0","0","0","0","0"
"2149149",5,17,7,"AA","LAX","ORD",936,933,-3,252,237,205,1744,1548,1530,-18,"0","0","0","0","0","0","0"
"2259308",5,24,7,"AA","SEA","DFW",510,507,-3,235,240,213,1660,1105,1107,2,"0","0","0","0","0","0","0"
"92655",1,6,2,"AS","ORD","SEA",1930,1930,0,280,313,273,1721,2210,2243,33,"0","0","1","0","0","0","0"
"4299881",9,25,5,"UA","SFO","DEN",1257,1302,5,156,154,122,967,1633,1636,3,"0","0","0","0","0","0","0"
"5661985",12,21,1,"AA","DFW","LAS",1705,1716,11,182,185,163,1055,1807,1821,14,"0","0","0","0","0","0","0"
"2931094",7,3,5,"OO","DFW","ORD",1225,1224,-1,144,170,134,802,1449,1514,25,"0","0","1","0","0","0","0"
"3636219",8,14,5,"AA","CLT","DEN",1150,1249,59,218,196,177,1337,1328,1405,37,"0","0","0","0","1","0","0"
"324325",1,22,4,"UA","SEA","SFO",930,922,-8,135,140,119,679,1145,1142,-3,"0","0","0","0","0","0","0"
"4048173",9,9,3,"OO","LAX","SEA",1015,1009,-6,166,152,126,954,1301,1241,-20,"0","0","0","0","0","0","0"
"1198174",3,19,4,"DL","CLT","ATL",1200,1156,-4,86,87,52,226,1326,1323,-3,"0","0","0","0","0","0","0"
"2859901",6,29,1,"AS","SFO","SEA",905,902,-3,124,108,86,679,1109,1050,-19,"0","0","0","0","0","0","0"
"216311",1,15,4,"UA","JFK","SFO",605,559,-6,400,384,337,2586,945,923,-22,"0","0","0","0","0","0","0"
"994576",3,6,5,"AA","DFW","SEA",2000,2011,11,269,247,225,1660,2229,2218,-11,"0","0","0","0","0","0","0"
"1723823",4,20,1,"AS","LAX","SEA",1935,2133,118,165,147,128,954,2220,2400,100,"0","0","0","0","1","0","0"
"954341",3,4,3,"AA","ORD","LAX",1255,1251,-4,268,258,246,1744,1523,1509,-14,"0","0","0","0","0","0","0"
"3710890",8,18,2,"DL","SEA","JFK",2220,2216,-4,310,328,300,2422,630,644,14,"0","0","0","0","0","0","0"
"2030434",5,9,6,"DL","ATL","ORD",1915,1913,-2,130,105,83,606,2025,1958,-27,"0","0","0","0","0","0","0"
"654552",2,13,5,"AA","JFK","LAX",800,758,-2,393,377,320,2475,1133,1115,-18,"0","0","0","0","0","0","0"
"556137",2,6,5,"DL","ORD","ATL",1530,1537,7,122,100,80,606,1832,1817,-15,"0","0","0","0","0","0","0"
"5794489",12,30,3,"AA","LAX","ATL",1000,NA,NA,257,NA,NA,1947,1717,NA,NA,"0","1","0","0","0","0","0"
"3760350",8,21,5,"AS","SEA","DEN",2030,2026,-4,149,138,115,1024,2359,2344,-15,"0","0","0","0","0","0","0"
"3683527",8,17,1,"UA","SEA","DEN",1053,1111,18,162,159,135,1024,1435,1450,15,"0","0","0","0","0","1","0"
"275566",1,19,1,"OO","LAS","SEA",720,805,45,164,159,137,867,1004,1044,40,"0","0","0","0","1","0","0"
"4381510",9,30,3,"OO","DEN","CLT",1722,1805,43,202,180,156,1337,2244,2305,21,"0","0","0","0","0","1","0"
"1986436",5,7,4,"DL","SEA","LAX",655,653,-2,160,148,124,954,935,921,-14,"0","0","0","0","0","0","0"
"3640695",8,14,5,"DL","LAX","JFK",1615,1620,5,332,321,300,2475,47,41,-6,"0","0","0","0","0","0","0"
"1943823",5,4,1,"AS","SEA","LAS",1355,1350,-5,140,143,121,867,1615,1613,-2,"0","0","0","0","0","0","0"
"5626567",12,19,6,"DL","ORD","ATL",1235,1232,-3,115,109,83,606,1530,1521,-9,"0","0","0","0","0","0","0"
"1783124",4,24,5,"AA","DFW","SFO",1215,1248,33,238,232,210,1464,1413,1440,27,"0","0","0","0","0","1","1"
"3228950",7,21,2,"WN","LAS","ATL",1125,1158,33,245,224,207,1747,1830,1842,12,"0","0","0","0","0","0","0"
"1398365",3,31,2,"AA","LAX","LAS",1640,1638,-2,74,80,48,236,1754,1758,4,"0","0","0","0","0","0","0"
"2289858",5,26,2,"AA","SEA","DFW",650,715,25,235,234,206,1660,1245,1309,24,"0","0","0","0","1","0","0"
"4154162",9,16,3,"AA","CLT","DEN",929,927,-2,215,217,179,1337,1104,1104,0,"0","0","0","0","0","0","0"
"1688470",4,18,6,"OO","LAS","SFO",1515,1507,-8,94,91,73,414,1649,1638,-11,"0","0","0","0","0","0","0"
"390713",1,26,1,"AA","LAX","JFK",1650,NA,NA,318,NA,NA,2475,108,NA,NA,"0","1","0","0","0","0","0"
"1382126",3,30,1,"OO","CLT","ORD",1704,1702,-2,130,127,102,599,1814,1809,-5,"0","0","0","0","0","0","0"
"2080683",5,12,2,"AA","LAX","JFK",2155,2148,-7,328,299,279,2475,623,547,-36,"0","0","0","0","0","0","0"
"930761",3,2,1,"AA","LAX","ORD",2354,15,21,236,204,179,1744,550,539,-11,"0","0","0","0","0","0","0"
"4293323",9,25,5,"AA","ORD","DFW",645,804,79,157,119,106,802,922,1003,41,"0","0","0","0","1","0","0"
"3222705",7,21,2,"WN","LAX","DEN",540,539,-1,140,125,108,862,900,844,-16,"0","0","0","0","0","0","0"
"711595",2,16,1,"DL","SEA","ATL",2245,2247,2,273,262,244,2182,618,609,-9,"0","0","0","0","0","0","0"
"5296339",11,28,6,"OO","DEN","DFW",1235,1248,13,120,117,95,641,1535,1545,10,"0","0","0","0","0","0","0"
"4991799",11,8,7,"AS","SEA","DEN",1530,1521,-9,150,152,129,1024,1900,1853,-7,"0","0","0","0","0","0","0"
"2673236",6,18,4,"AA","JFK","LAS",705,704,-1,341,318,293,2248,946,922,-24,"0","0","0","0","0","0","0"
"5495348",12,11,5,"WN","SFO","DEN",540,556,16,150,133,116,967,910,909,-1,"0","0","0","0","0","0","0"
"4893534",11,2,1,"DL","ATL","DEN",1106,1122,16,205,195,161,1199,1231,1237,6,"0","0","0","0","0","0","0"
"3963839",9,3,4,"UA","SFO","LAS",1521,1516,-5,96,90,63,414,1657,1646,-11,"0","0","0","0","0","0","0"
"3544206",8,9,7,"UA","SFO","DEN",534,532,-2,157,137,114,967,911,849,-22,"0","0","0","0","0","0","0"
"4987079",11,8,7,"AA","ATL","CLT",1040,1039,-1,77,58,37,226,1157,1137,-20,"0","0","0","0","0","0","0"
"609205",2,10,2,"UA","ORD","DFW",948,944,-4,157,143,114,802,1225,1207,-18,"0","0","0","0","0","0","0"
"4352325",9,28,1,"AA","CLT","DEN",2025,2020,-5,216,210,176,1337,2201,2150,-11,"0","0","0","0","0","0","0"
"4155656",9,16,3,"AA","JFK","LAX",1100,1055,-5,356,352,327,2475,1356,1347,-9,"0","0","0","0","0","0","0"
"5568904",12,15,2,"OO","CLT","ORD",2001,1954,-7,134,123,93,599,2115,2057,-18,"0","0","0","0","0","0","0"
"525158",2,4,3,"AA","LAS","ORD",1617,1610,-7,203,208,180,1514,2140,2138,-2,"0","0","0","0","0","0","0"
"5102151",11,15,7,"UA","DEN","ORD",1524,1530,6,146,141,111,888,1850,1851,1,"0","0","0","0","0","0","0"
"4369411",9,29,2,"AA","SEA","ORD",2359,2359,0,226,212,195,1721,545,531,-14,"0","0","0","0","0","0","0"
"5020579",11,10,2,"WN","DEN","LAS",1120,1121,1,115,125,99,628,1215,1226,11,"0","0","0","0","0","0","0"
"184270",1,12,1,"WN","DEN","SEA",2105,2125,20,180,160,140,1024,2305,2305,0,"0","0","0","0","0","0","0"
"729136",2,18,3,"UA","LAX","SFO",645,638,-7,85,76,55,337,810,754,-16,"0","0","0","0","0","0","0"
"777029",2,21,6,"DL","ORD","ATL",545,544,-1,127,125,85,606,852,849,-3,"0","0","0","0","0","0","0"
"956080",3,4,3,"AA","SEA","ORD",1437,1438,1,233,222,197,1721,2030,2020,-10,"0","0","0","0","0","0","0"
"1930801",5,3,7,"UA","ORD","SFO",1745,1751,6,290,295,252,1846,2035,2046,11,"0","0","0","0","0","0","0"
"1101185",3,13,5,"AA","LAX","LAS",1235,1240,5,76,97,46,236,1351,1417,26,"0","0","1","0","0","0","0"
"4382256",9,30,3,"DL","ORD","ATL",1800,1802,2,122,145,85,606,2102,2127,25,"0","0","1","0","0","0","0"
"3849100",8,27,4,"AA","SFO","CLT",1300,1254,-6,306,294,270,2296,2106,2048,-18,"0","0","0","0","0","0","0"
"5326090",11,30,1,"DL","ATL","LAX",810,813,3,310,312,277,1947,1020,1025,5,"0","0","0","0","0","0","0"
"1014869",3,8,7,"DL","ATL","CLT",1005,1005,0,75,57,38,226,1120,1102,-18,"0","0","0","0","0","0","0"
"764185",2,20,5,"WN","SFO","LAX",900,858,-2,90,104,57,337,1030,1042,12,"0","0","0","0","0","0","0"
"232221",1,16,5,"UA","DEN","ORD",600,549,-11,152,155,119,888,932,924,-8,"0","0","0","0","0","0","0"
"2986047",7,7,2,"UA","JFK","LAX",600,555,-5,365,363,333,2475,905,858,-7,"0","0","0","0","0","0","0"
"2158668",5,17,7,"DL","ATL","SEA",1910,1946,36,319,311,279,2182,2129,2157,28,"0","0","0","0","1","1","0"
"5653655",12,21,1,"UA","ATL","DEN",827,852,25,235,211,191,1199,1022,1023,1,"0","0","0","0","0","0","0"
"2443722",6,4,4,"OO","DFW","ORD",1227,1226,-1,145,163,119,802,1452,1509,17,"0","0","1","0","0","0","0"
"5337854",11,30,1,"AS","SEA","LAX",1955,2000,5,155,162,123,954,2230,2242,12,"0","0","0","0","0","0","0"
"1216117",3,20,5,"AS","LAS","SEA",1300,1352,52,154,154,131,867,1534,1626,52,"0","0","0","0","1","0","0"
"904649",3,1,7,"UA","LAS","DEN",1147,1145,-2,112,109,84,628,1439,1434,-5,"0","0","0","0","0","0","0"
"5469014",12,9,3,"UA","LAS","DEN",1129,1121,-8,112,105,81,628,1421,1406,-15,"0","0","0","0","0","0","0"
"454610",1,30,5,"DL","ATL","LAX",1759,1758,-1,306,279,255,1947,2005,1937,-28,"0","0","0","0","0","0","0"
"219051",1,15,4,"WN","DEN","LAX",850,849,-1,150,134,113,862,1020,1003,-17,"0","0","0","0","0","0","0"
"5186107",11,20,5,"WN","SFO","LAX",1710,1707,-3,80,73,53,337,1830,1820,-10,"0","0","0","0","0","0","0"
"2620297",6,15,1,"UA","LAS","SFO",604,602,-2,92,86,66,414,736,728,-8,"0","0","0","0","0","0","0"
"1588223",4,12,7,"DL","ATL","DEN",1340,1336,-4,204,190,171,1199,1504,1446,-18,"0","0","0","0","0","0","0"
"3557183",8,9,7,"AA","ATL","LAX",1835,1832,-3,285,278,254,1947,2020,2010,-10,"0","0","0","0","0","0","0"
"5701649",12,24,4,"AA","ORD","DEN",737,733,-4,164,159,134,888,921,912,-9,"0","0","0","0","0","0","0"
"4118352",9,14,1,"AA","ATL","CLT",550,544,-6,67,59,39,226,657,643,-14,"0","0","0","0","0","0","0"
"4137154",9,15,2,"UA","LAS","SFO",807,802,-5,108,121,76,414,955,1003,8,"0","0","0","0","0","0","0"
"4885498",11,1,7,"UA","SFO","LAX",1948,1945,-3,101,96,55,337,2129,2121,-8,"0","0","0","0","0","0","0"
"4986917",11,8,7,"AA","ORD","DFW",1026,1024,-2,161,137,115,802,1307,1241,-26,"0","0","0","0","0","0","0"
"4252702",9,22,2,"AS","LAX","SEA",1420,1406,-14,158,154,126,954,1658,1640,-18,"0","0","0","0","0","0","0"
"4883164",11,1,7,"DL","ATL","ORD",1729,1729,0,125,111,90,606,1834,1820,-14,"0","0","0","0","0","0","0"
"4169326",9,17,4,"DL","JFK","ATL",830,829,-1,156,147,102,760,1106,1056,-10,"0","0","0","0","0","0","0"
"5194452",11,21,6,"AA","CLT","ATL",930,929,-1,78,64,42,226,1048,1033,-15,"0","0","0","0","0","0","0"
"4229503",9,21,1,"AA","ORD","DEN",716,709,-7,164,139,121,888,900,828,-32,"0","0","0","0","0","0","0"
"789877",2,22,7,"UA","SEA","DEN",537,533,-4,158,161,139,1024,915,914,-1,"0","0","0","0","0","0","0"
"1332263",3,27,5,"AA","DFW","SFO",1440,1438,-2,229,211,196,1464,1629,1609,-20,"0","0","0","0","0","0","0"
"1714900",4,20,1,"AA","ORD","DEN",1040,1038,-2,162,140,123,888,1222,1158,-24,"0","0","0","0","0","0","0"
"3379410",7,30,4,"AA","DFW","ATL",900,854,-6,140,129,100,731,1220,1203,-17,"0","0","0","0","0","0","0"
"3770888",8,22,6,"DL","JFK","ATL",1540,1605,25,167,141,105,760,1827,1826,-1,"0","0","0","0","0","0","0"
"5420756",12,6,7,"AA","DFW","DEN",1045,1041,-4,127,128,97,641,1152,1149,-3,"0","0","0","0","0","0","0"
"69900",1,5,1,"DL","SEA","LAX",1233,1232,-1,152,167,116,954,1505,1519,14,"0","0","0","0","0","0","0"
"5519020",12,12,6,"WN","LAS","DEN",1445,1446,1,110,126,97,628,1735,1752,17,"0","0","1","0","0","0","0"
"1758031",4,22,3,"DL","JFK","LAX",2105,2115,10,394,388,347,2475,39,43,4,"0","0","0","0","0","0","0"
"5555282",12,15,2,"UA","LAS","LAX",600,556,-4,82,71,41,236,722,707,-15,"0","0","0","0","0","0","0"
"749089",2,19,4,"OO","LAS","SEA",1016,1011,-5,171,154,129,867,1307,1245,-22,"0","0","0","0","0","0","0"
"2661513",6,17,3,"AA","ORD","LAX",1222,1221,-1,275,255,236,1744,1457,1436,-21,"0","0","0","0","0","0","0"
"3694683",8,18,2,"AA","SEA","DFW",25,22,-3,233,201,185,1660,618,543,-35,"0","0","0","0","0","0","0"
"5639644",12,20,7,"UA","ORD","SFO",1046,1048,2,290,288,266,1846,1336,1336,0,"0","0","0","0","0","0","0"
"3806498",8,24,1,"UA","DFW","DEN",2014,2008,-6,131,118,94,641,2125,2106,-19,"0","0","0","0","0","0","0"
"3205817",7,20,1,"OO","LAS","LAX",603,601,-2,72,71,42,236,715,712,-3,"0","0","0","0","0","0","0"
"3886060",8,29,6,"WN","LAS","DEN",1825,1833,8,110,105,89,628,2115,2118,3,"0","0","0","0","0","0","0"
"601195",2,9,1,"UA","SFO","SEA",1730,1722,-8,130,122,97,679,1940,1924,-16,"0","0","0","0","0","0","0"
"354672",1,24,6,"AA","ORD","SEA",825,820,-5,275,274,252,1721,1100,1054,-6,"0","0","0","0","0","0","0"
"4082138",9,11,5,"AA","CLT","ATL",1319,1314,-5,83,76,44,226,1442,1430,-12,"0","0","0","0","0","0","0"
"3010671",7,8,3,"AS","SEA","DFW",1255,1302,7,233,238,215,1660,1848,1900,12,"0","0","0","0","0","0","0"
"215079",1,14,3,"WN","DEN","LAS",2115,2112,-3,120,105,81,628,2215,2157,-18,"0","0","0","0","0","0","0"
"3777894",8,23,7,"AA","LAX","DFW",835,856,21,197,202,153,1235,1352,1418,26,"0","0","1","0","1","0","0"
"5033189",11,11,3,"AA","CLT","ATL",755,748,-7,83,83,41,226,918,911,-7,"0","0","0","0","0","0","0"
"754338",2,19,4,"AA","LAS","DFW",1533,1748,135,157,141,114,1055,2010,2209,119,"0","0","0","0","1","1","0"
"880035",2,27,5,"AS","SEA","SFO",1525,1518,-7,120,129,97,679,1725,1727,2,"0","0","0","0","0","0","0"
"1102566",3,13,5,"AA","ORD","SFO",1355,1351,-4,282,277,254,1846,1637,1628,-9,"0","0","0","0","0","0","0"
"3979216",9,4,5,"AS","SEA","LAS",1355,1355,0,142,149,121,867,1617,1624,7,"0","0","0","0","0","0","0"
"462102",1,31,6,"AA","LAX","JFK",1030,1021,-9,330,297,277,2475,1900,1818,-42,"0","0","0","0","0","0","0"
"3971425",9,4,5,"AS","SEA","LAX",630,626,-4,160,155,132,954,910,901,-9,"0","0","0","0","0","0","0"
"3569062",8,10,1,"DL","LAX","ATL",1320,1332,12,274,271,241,1947,2054,2103,9,"0","0","0","0","0","0","0"
"3817204",8,25,2,"AA","LAS","DFW",1420,1415,-5,169,176,137,1055,1909,1911,2,"0","0","0","0","0","0","0"
"5042737",11,11,3,"UA","ORD","SFO",1730,1730,0,284,284,249,1846,2014,2014,0,"0","0","0","0","0","0","0"
"3569582",8,10,1,"DL","ATL","DFW",1350,1348,-2,139,127,102,731,1509,1455,-14,"0","0","0","0","0","0","0"
"4071586",9,10,4,"WN","LAS","DEN",1840,1838,-2,105,101,83,628,2125,2119,-6,"0","0","0","0","0","0","0"
"520338",2,4,3,"UA","SFO","SEA",1120,1113,-7,130,127,96,679,1330,1320,-10,"0","0","0","0","0","0","0"
"1123831",3,14,6,"WN","DEN","SEA",2015,2016,1,175,181,163,1024,2210,2217,7,"0","0","0","0","0","0","0"
"3806973",8,24,1,"DL","ATL","LAX",2055,2049,-6,289,299,247,1947,2244,2248,4,"0","0","0","0","0","0","0"
"3465501",8,4,2,"UA","LAX","SFO",1053,1119,26,86,73,57,337,1219,1232,13,"0","0","0","0","0","0","0"
"4343343",9,28,1,"DL","SFO","JFK",1120,1142,22,349,321,285,2586,2009,2003,-6,"0","0","0","0","0","0","0"
"183131",1,12,1,"WN","LAS","SFO",1930,1936,6,90,87,65,414,2100,2103,3,"0","0","0","0","0","0","0"
"3766575",8,22,6,"WN","DEN","LAS",1045,1319,154,115,103,87,628,1140,1402,142,"0","0","0","0","1","0","0"
"4116596",9,13,7,"AA","DFW","CLT",2015,2009,-6,159,144,120,936,2354,2333,-21,"0","0","0","0","0","0","0"
"2066754",5,12,2,"DL","JFK","LAX",720,817,57,370,390,344,2475,1030,1147,77,"0","0","1","0","1","0","0"
"3349111",7,28,2,"AA","SEA","CLT",1305,1320,15,307,313,281,2279,2112,2133,21,"0","0","1","0","1","1","0"
"1749132",4,22,3,"AA","DFW","JFK",1154,1150,-4,225,NA,NA,1391,1639,1856,NA,"1","0","0","0","0","0","0"
"746592",2,19,4,"AA","ORD","LAX",800,908,68,273,260,246,1744,1033,1128,55,"0","0","0","0","1","0","0"
"3187926",7,18,6,"UA","ORD","DEN",2225,2225,0,156,149,122,888,1,2354,-7,"0","0","0","0","0","0","0"
"1723789",4,20,1,"UA","ORD","LAX",1935,1935,0,279,273,230,1744,2214,2208,-6,"0","0","0","0","0","0","0"
"837085",2,24,2,"DL","SFO","ATL",2243,2346,63,265,252,228,2139,608,658,50,"0","0","0","0","1","1","0"
"3902894",8,30,7,"UA","SFO","JFK",2100,2105,5,330,332,304,2586,530,537,7,"0","0","0","0","0","0","0"
"4212479",9,20,7,"DL","JFK","ATL",629,632,3,154,130,104,760,903,842,-21,"0","0","0","0","0","0","0"
"1469325",4,5,7,"AS","SEA","SFO",720,714,-6,129,125,107,679,929,919,-10,"0","0","0","0","0","0","0"
"1454100",4,4,6,"UA","LAX","ORD",30,49,19,245,214,190,1744,635,623,-12,"0","0","0","0","0","0","0"
"5792396",12,30,3,"WN","ATL","DEN",755,817,22,205,193,169,1199,920,930,10,"0","0","0","0","0","0","0"
"5098768",11,15,7,"AA","SEA","DFW",1155,1204,9,227,250,212,1660,1742,1814,32,"0","0","1","0","1","0","0"
"1496654",4,6,1,"AS","SEA","ORD",1815,1813,-2,223,217,201,1721,2358,2350,-8,"0","0","0","0","0","0","0"
"1828523",4,27,1,"AA","ORD","LAS",1125,1146,21,237,218,191,1514,1322,1324,2,"0","0","0","0","0","0","0"
"1877705",4,30,4,"UA","SEA","SFO",1056,1050,-6,130,122,106,679,1306,1252,-14,"0","0","0","0","0","0","0"
"774201",2,20,5,"AS","SEA","SFO",1855,1923,28,133,112,90,679,2108,2115,7,"0","0","0","0","0","0","0"
"574787",2,8,7,"WN","LAS","ATL",615,610,-5,225,218,199,1747,1300,1248,-12,"0","0","0","0","0","0","0"
"1847377",4,28,2,"DL","ATL","DFW",1345,1344,-1,153,154,123,731,1518,1518,0,"0","0","0","0","0","0","0"
"2801774",6,25,4,"DL","JFK","LAX",1700,1815,75,390,351,317,2475,2030,2106,36,"0","0","0","0","1","0","0"
"2971338",7,6,1,"WN","DEN","LAX",820,908,48,145,149,122,862,945,1037,52,"0","0","1","0","0","0","0"
"4078866",9,11,5,"WN","SFO","LAS",955,955,0,85,79,65,414,1120,1114,-6,"0","0","0","0","0","0","0"
"742999",2,18,3,"WN","LAX","LAS",2045,2110,25,60,50,39,236,2145,2200,15,"0","0","0","0","0","1","0"
"3375994",7,30,4,"UA","LAX","SFO",600,555,-5,88,92,50,337,728,727,-1,"0","0","0","0","0","0","0"
"4910706",11,3,2,"AA","ORD","SFO",1200,1226,26,287,279,252,1846,1447,1505,18,"0","0","0","0","0","1","0"
"3374753",7,29,3,"AS","LAX","SEA",2200,2207,7,159,150,126,954,39,37,-2,"0","0","0","0","0","0","0"
"3281136",7,24,5,"DL","LAX","JFK",1135,1131,-4,346,314,285,2475,2021,1945,-36,"0","0","0","0","0","0","0"
"1021104",3,8,7,"AA","LAX","SFO",1625,1623,-2,84,88,56,337,1749,1751,2,"0","0","0","0","0","0","0"
"1065182",3,11,3,"UA","SEA","ORD",1020,1013,-7,234,232,198,1721,1614,1605,-9,"0","0","0","0","0","0","0"
"531395",2,5,4,"UA","LAX","DEN",655,650,-5,146,146,110,862,1021,1016,-5,"0","0","0","0","0","0","0"
"645093",2,12,4,"DL","DEN","ATL",1445,1440,-5,172,160,139,1199,1937,1920,-17,"0","0","0","0","0","0","0"
"2681957",6,18,4,"AA","ORD","SFO",1530,1530,0,282,289,257,1846,1812,1819,7,"0","0","0","0","0","0","0"
"3254379",7,22,3,"UA","ORD","DEN",1930,1947,17,167,149,126,888,2117,2116,-1,"0","0","0","0","0","0","0"
"1115408",3,14,6,"UA","SEA","ORD",1025,1027,2,234,221,194,1721,1619,1608,-11,"0","0","0","0","0","0","0"
"4120588",9,14,1,"UA","ORD","LAS",745,744,-1,240,227,198,1514,945,931,-14,"0","0","0","0","0","0","0"
"2895856",7,1,3,"AA","LAX","JFK",1120,1118,-2,344,378,316,2475,2004,2036,32,"0","0","1","0","0","0","0"
"1207253",3,19,4,"WN","LAS","DEN",2115,2110,-5,110,96,85,628,5,2346,-19,"0","0","0","0","0","0","0"
"771721",2,20,5,"DL","JFK","SFO",1630,1631,1,406,389,357,2586,2016,2000,-16,"0","0","0","0","0","0","0"
"5729389",12,26,6,"AS","SEA","LAX",920,1101,101,160,141,117,954,1200,1322,82,"0","0","0","0","1","0","0"
"798743",2,22,7,"UA","DEN","ORD",1522,1523,1,147,155,103,888,1849,1858,9,"0","0","0","0","0","0","0"
"716839",2,17,2,"WN","LAX","LAS",1020,1041,21,60,55,39,236,1120,1136,16,"0","0","0","0","1","0","0"
"667984",2,13,5,"AA","DFW","SEA",2155,2152,-3,263,263,242,1660,18,15,-3,"0","0","0","0","0","0","0"
"2385866",6,1,1,"DL","LAX","ATL",535,540,5,260,265,236,1947,1255,1305,10,"0","0","0","0","0","0","0"
"1612058",4,13,1,"OO","ORD","ATL",2055,2059,4,124,112,85,606,2359,2351,-8,"0","0","0","0","0","0","0"
"2005285",5,8,5,"AA","SFO","DFW",835,832,-3,210,198,179,1464,1405,1350,-15,"0","0","0","0","0","0","0"
"4015489",9,7,1,"DL","ATL","DEN",951,950,-1,198,176,156,1199,1109,1046,-23,"0","0","0","0","0","0","0"
"1001442",3,7,6,"AA","JFK","LAX",1100,1124,24,389,376,349,2475,1429,1440,11,"0","0","0","0","0","0","0"
"3497398",8,6,4,"DL","ATL","JFK",815,816,1,135,122,103,760,1030,1018,-12,"0","0","0","0","0","0","0"
"5531940",12,13,7,"AA","CLT","ORD",1450,1447,-3,136,127,89,599,1606,1554,-12,"0","0","0","0","0","0","0"
"3080543",7,12,7,"WN","LAX","SFO",1615,1715,60,75,73,52,337,1730,1828,58,"0","0","0","0","1","1","0"
"2406573",6,2,2,"DL","JFK","DEN",900,855,-5,282,239,211,1626,1142,1054,-48,"0","0","0","0","0","0","0"
"3617401",8,13,4,"AA","DFW","ORD",1020,1016,-4,153,134,114,802,1253,1230,-23,"0","0","0","0","0","0","0"
"4963073",11,6,5,"AA","LAX","JFK",1515,1513,-2,317,315,293,2475,2332,2328,-4,"0","0","0","0","0","0","0"
"3791312",8,24,1,"WN","SEA","DEN",530,531,1,160,150,133,1024,910,901,-9,"0","0","0","0","0","0","0"
"3261904",7,23,4,"DL","ATL","SFO",955,1024,29,310,292,267,2139,1205,1216,11,"0","0","0","0","0","0","0"
"2197116",5,20,3,"AA","DFW","ORD",710,712,2,148,139,107,802,938,931,-7,"0","0","0","0","0","0","0"
"565068",2,7,6,"AA","SFO","LAX",903,858,-5,87,101,55,337,1030,1039,9,"0","0","0","0","0","0","0"
"4944916",11,5,4,"DL","ATL","LAX",1344,1346,2,301,317,278,1947,1545,1603,18,"0","0","1","0","0","0","0"
"5246666",11,24,2,"UA","LAX","ORD",1854,1855,1,251,220,200,1744,105,35,-30,"0","0","0","0","0","0","0"
"1573775",4,11,6,"AA","DFW","ORD",1300,1300,0,144,121,104,802,1524,1501,-23,"0","0","0","0","0","0","0"
"2246433",5,23,6,"UA","ORD","DEN",525,521,-4,156,152,133,888,701,653,-8,"0","0","0","0","0","0","0"
"4110906",9,13,7,"UA","DEN","ORD",1430,1426,-4,146,138,113,888,1756,1744,-12,"0","0","0","0","0","0","0"
"5649900",12,20,7,"WN","DEN","SFO",2210,24,134,165,191,172,967,2355,235,160,"0","0","1","0","0","1","1"
"453268",1,30,5,"WN","DEN","LAX",1645,1647,2,160,140,119,862,1825,1807,-18,"0","0","0","0","0","0","0"
"2619301",6,14,7,"DL","ATL","CLT",2306,2319,13,72,76,37,226,18,35,17,"0","0","1","0","1","0","0"
"5346571",12,1,2,"AA","ORD","SFO",1205,1209,4,288,267,238,1846,1453,1436,-17,"0","0","0","0","0","0","0"
"280452",1,19,1,"AA","DFW","LAX",1210,1207,-3,203,203,175,1235,1333,1330,-3,"0","0","0","0","0","0","0"
"467673",1,31,6,"AA","SFO","ORD",1731,NA,NA,243,NA,NA,1846,2334,NA,NA,"0","1","0","0","0","0","0"
"5008662",11,9,1,"DL","JFK","LAX",1545,1549,4,400,366,344,2475,1925,1855,-30,"0","0","0","0","0","0","0"
"1176166",3,18,3,"AS","SEA","DFW",700,656,-4,225,220,198,1660,1245,1236,-9,"0","0","0","0","0","0","0"
"3557755",8,9,7,"AA","LAX","DFW",1910,1923,13,188,171,149,1235,18,14,-4,"0","0","0","0","0","0","0"
"5074527",11,13,5,"OO","LAX","SEA",1614,1625,11,173,178,148,954,1907,1923,16,"0","0","1","0","1","1","0"
"536141",2,5,4,"AA","LAX","JFK",1130,1146,16,329,328,301,2475,1959,2014,15,"0","0","0","0","1","0","0"
"3281275",7,24,5,"AA","CLT","ORD",1145,1144,-1,134,118,84,599,1259,1242,-17,"0","0","0","0","0","0","0"
"3395741",7,31,5,"AA","LAS","DFW",800,758,-2,170,171,140,1055,1250,1249,-1,"0","0","0","0","0","0","0"
"4148789",9,15,2,"WN","LAS","LAX",2020,2018,-2,70,62,44,236,2130,2120,-10,"0","0","0","0","0","0","0"
"2720814",6,20,6,"UA","SFO","SEA",2305,2305,0,127,104,84,679,112,49,-23,"0","0","0","0","0","0","0"
"2099620",5,14,4,"AA","SEA","JFK",700,955,175,328,310,291,2422,1528,1805,157,"0","0","0","0","1","0","0"
"2560281",6,11,4,"AA","DFW","SFO",1200,1337,97,230,208,186,1464,1350,1505,75,"0","0","0","0","0","1","0"
"4984474",11,8,7,"WN","ATL","DEN",755,753,-2,205,180,163,1199,920,853,-27,"0","0","0","0","0","0","0"
"4324855",9,27,7,"UA","SFO","DEN",930,927,-3,154,155,117,967,1304,1302,-2,"0","0","0","0","0","0","0"
"2128180",5,15,5,"AS","SEA","ORD",1805,1919,74,234,233,211,1721,2359,112,73,"0","0","0","0","1","0","0"
"18247",1,2,5,"AS","SEA","ATL",930,1017,47,277,282,259,2182,1707,1759,52,"0","0","1","0","0","1","0"
"3790595",8,23,7,"WN","LAS","LAX",2155,2223,28,70,61,41,236,2305,2324,19,"0","0","1","0","0","1","0"
"5196774",11,21,6,"OO","DFW","ORD",1211,NA,NA,139,NA,NA,802,1430,NA,NA,"0","1","0","0","0","0","0"
"4990368",11,8,7,"UA","DEN","ORD",1400,1358,-2,148,135,113,888,1728,1713,-15,"0","0","0","0","0","0","0"
"809624",2,23,1,"DL","LAS","ATL",956,1337,221,224,200,180,1747,1640,1957,197,"0","0","0","0","1","1","0"
"668277",2,13,5,"UA","SFO","ORD",2250,2248,-2,234,227,202,1846,444,435,-9,"0","0","0","0","0","0","0"
"2161308",5,17,7,"UA","SFO","ORD",2310,2313,3,252,243,220,1846,522,516,-6,"0","0","0","0","0","0","0"
"1900180",5,1,5,"AA","DFW","LAX",1635,1633,-2,205,193,168,1235,1800,1746,-14,"0","0","0","0","0","0","0"
"1637085",4,15,3,"AA","LAS","DFW",1240,1239,-1,164,145,121,1055,1724,1704,-20,"0","0","0","0","0","0","0"
"1452361",4,3,5,"AA","ORD","DEN",2005,2004,-1,163,170,139,888,2148,2154,6,"0","0","0","0","0","0","0"
"3515859",8,7,5,"AA","SFO","LAX",910,NA,NA,100,NA,NA,337,1050,NA,NA,"0","1","0","0","0","0","0"
"1633555",4,15,3,"UA","ORD","SFO",910,924,14,280,265,234,1846,1150,1149,-1,"0","0","0","0","0","0","0"
"4060637",9,10,4,"AA","JFK","ORD",719,714,-5,171,171,121,740,910,905,-5,"0","0","0","0","0","0","0"
"5530664",12,13,7,"AA","LAX","DFW",1330,1346,16,185,179,137,1235,1835,1845,10,"0","0","0","0","0","0","0"
"3863970",8,28,5,"UA","LAS","ORD",1058,1123,25,225,196,179,1514,1643,1639,-4,"0","0","0","0","0","0","0"
"163415",1,11,7,"WN","DEN","SEA",1545,1604,19,180,158,144,1024,1745,1742,-3,"0","0","0","0","0","0","0"
"2786585",6,24,3,"AA","ORD","DFW",1904,1912,8,154,134,115,802,2138,2126,-12,"0","0","0","0","0","0","0"
"5434370",12,7,1,"AA","ORD","ATL",815,809,-6,114,102,81,606,1109,1051,-18,"0","0","0","0","0","0","0"
"5049654",11,12,4,"AA","LAX","SFO",800,753,-7,85,75,55,337,925,908,-17,"0","0","0","0","0","0","0"
"653740",2,13,5,"UA","ORD","SFO",703,705,2,290,271,249,1846,953,936,-17,"0","0","0","0","0","0","0"
"477492",2,1,7,"AA","DFW","LAX",1435,1437,2,200,192,168,1235,1555,1549,-6,"0","0","0","0","0","0","0"
"200707",1,14,3,"UA","SFO","LAX",603,600,-3,95,100,56,337,738,740,2,"0","0","0","0","0","0","0"
"5291484",11,28,6,"AS","SEA","LAX",730,732,2,170,160,122,954,1020,1012,-8,"0","0","0","0","0","0","0"
"5408796",12,5,6,"AA","DFW","SFO",1105,1102,-3,235,222,205,1464,1300,1244,-16,"0","0","0","0","0","0","0"
"1434923",4,2,4,"UA","LAS","SFO",1931,1950,19,98,95,72,414,2109,2125,16,"0","0","0","0","1","1","0"
"3713344",8,19,3,"UA","ATL","SFO",722,725,3,321,313,296,2139,943,938,-5,"0","0","0","0","0","0","0"
"3118152",7,14,2,"UA","SFO","LAX",1900,1902,2,104,117,53,337,2044,2059,15,"0","0","1","0","0","0","0"
"286945",1,19,1,"AA","ORD","DFW",1845,1855,10,149,143,116,802,2114,2118,4,"0","0","0","0","0","0","0"
"2895782",7,1,3,"UA","DEN","LAS",1114,1112,-2,115,100,83,628,1209,1152,-17,"0","0","0","0","0","0","0"
"4029458",9,8,2,"AA","CLT","DFW",725,726,1,153,145,120,936,858,851,-7,"0","0","0","0","0","0","0"
"2200082",5,20,3,"UA","DEN","ATL",1004,1020,16,176,172,144,1199,1500,1512,12,"0","0","0","0","0","0","0"
"1310351",3,26,4,"AA","DFW","ORD",950,945,-5,133,115,96,802,1203,1140,-23,"0","0","0","0","0","0","0"
"5179529",11,20,5,"AA","SFO","DFW",1030,1029,-1,210,190,164,1464,1600,1539,-21,"0","0","0","0","0","0","0"
"3116449",7,14,2,"DL","ATL","ORD",1725,1848,83,138,152,124,606,1843,2020,97,"0","0","1","0","1","1","0"
"2611148",6,14,7,"WN","LAX","SFO",1350,1356,6,75,93,55,337,1505,1529,24,"0","0","1","0","0","1","0"
"2535708",6,9,2,"WN","ATL","LAS",2225,2244,19,255,246,229,1747,2340,2350,10,"0","0","0","0","0","0","0"
"2046467",5,10,7,"DL","ATL","CLT",2055,2052,-3,74,70,46,226,2209,2202,-7,"0","0","0","0","0","0","0"
"482372",2,1,7,"AA","DFW","LAS",2015,2014,-1,180,172,156,1055,2115,2106,-9,"0","0","0","0","0","0","0"
"370334",1,25,7,"UA","ORD","DEN",1220,1221,1,161,141,116,888,1401,1342,-19,"0","0","0","0","0","0","0"
"881630",2,27,5,"DL","JFK","LAX",1700,2010,190,400,396,337,2475,2040,2346,186,"0","0","0","0","1","0","0"
"5119914",11,16,1,"OO","CLT","DEN",1630,1614,-16,220,222,204,1337,1810,1756,-14,"0","0","0","0","0","0","0"
"5409631",12,5,6,"AA","DFW","SFO",1205,1219,14,237,230,209,1464,1402,1409,7,"0","0","0","0","0","0","0"
"3092087",7,13,1,"AA","LAX","LAS",1025,1021,-4,83,67,46,236,1148,1128,-20,"0","0","0","0","0","0","0"
"5553711",12,14,1,"DL","ATL","ORD",2046,2045,-1,126,105,87,606,2152,2130,-22,"0","0","0","0","0","0","0"
"11706",1,1,4,"AA","DFW","SFO",1900,1916,16,230,218,192,1464,2050,2054,4,"0","0","0","0","0","0","0"
"2026530",5,9,6,"AS","SEA","SFO",1415,1410,-5,126,115,98,679,1621,1605,-16,"0","0","0","0","0","0","0"
"2688665",6,19,5,"UA","SFO","ORD",22,159,97,256,231,206,1846,638,750,72,"0","0","0","0","1","1","0"
"2122769",5,15,5,"AA","LAX","ORD",1245,1246,1,249,246,220,1744,1854,1852,-2,"0","0","0","0","0","0","0"
"3586189",8,11,2,"DL","LAS","JFK",1319,1315,-4,311,305,272,2248,2130,2120,-10,"0","0","0","0","0","0","0"
"5223109",11,23,1,"UA","DEN","ATL",955,954,-1,179,167,142,1199,1454,1441,-13,"0","0","0","0","0","0","0"
"2877978",6,30,2,"UA","LAX","DEN",1005,1034,29,140,144,116,862,1325,1358,33,"0","0","1","0","1","1","0"
"4110061",9,13,7,"WN","LAX","ATL",1340,1414,34,260,257,231,1947,2100,2131,31,"0","0","0","0","1","1","0"
"510079",2,3,2,"DL","ATL","SEA",1630,1645,15,335,350,326,2182,1905,1935,30,"0","0","1","0","1","1","0"
"3998965",9,5,6,"UA","LAX","ORD",2309,2347,38,237,219,198,1744,506,526,20,"0","0","0","0","1","0","0"
"2049098",5,11,1,"OO","ATL","ORD",643,643,0,132,134,94,606,755,757,2,"0","0","0","0","0","0","0"
"992810",3,6,5,"DL","ATL","DEN",1810,1834,24,211,195,176,1199,1941,1949,8,"0","0","0","0","0","0","0"
"5634326",12,19,6,"DL","LAX","ATL",2255,45,110,246,229,202,1947,601,734,93,"0","0","0","0","1","1","0"
"1330388",3,27,5,"AA","SFO","LAX",1250,1252,2,92,94,58,337,1422,1426,4,"0","0","0","0","0","0","0"
"1619057",4,14,2,"DL","ATL","SEA",1102,1102,0,328,296,268,2182,1330,1258,-32,"0","0","0","0","0","0","0"
"1146597",3,16,1,"UA","SEA","ORD",1025,1019,-6,234,208,185,1721,1619,1547,-32,"0","0","0","0","0","0","0"
"2418787",6,2,2,"UA","LAX","JFK",2150,2159,9,325,314,292,2475,615,613,-2,"0","0","0","0","0","0","0"
"3487749",8,5,3,"WN","DEN","SEA",1545,1635,50,170,165,147,1024,1735,1820,45,"0","0","0","0","1","0","0"
"1144004",3,16,1,"AS","DEN","SEA",800,756,-4,179,169,154,1024,959,945,-14,"0","0","0","0","0","0","0"
"3292306",7,25,6,"UA","LAX","LAS",600,553,-7,80,67,49,236,720,700,-20,"0","0","0","0","0","0","0"
"3219180",7,20,1,"UA","DEN","SEA",1850,1853,3,173,166,142,1024,2043,2039,-4,"0","0","0","0","0","0","0"
"3853605",8,27,4,"AA","DEN","ORD",1730,1723,-7,150,159,116,888,2100,2102,2,"0","0","0","0","0","0","0"
"1287871",3,24,2,"WN","SFO","LAX",2050,2045,-5,80,85,57,337,2210,2210,0,"0","0","0","0","0","0","0"
"3405750",7,31,5,"AA","LAS","DFW",1740,1732,-8,161,184,144,1055,2221,2236,15,"0","0","1","0","0","0","0"
"1316211",3,26,4,"AA","LAS","DFW",1533,1616,43,157,161,134,1055,2010,2057,47,"0","0","1","0","1","1","0"
"1708635",4,19,7,"AA","DFW","LAS",2155,2148,-7,182,168,149,1055,2257,2236,-21,"0","0","0","0","0","0","0"
"400445",1,27,2,"AA","DFW","SEA",1050,1051,1,265,237,217,1660,1315,1248,-27,"0","0","0","0","0","0","0"
"3023168",7,9,4,"AA","JFK","CLT",815,812,-3,133,108,76,541,1028,1000,-28,"0","0","0","0","0","0","0"
"5469096",12,9,3,"AA","SFO","JFK",1133,1120,-13,337,317,285,2586,2010,1937,-33,"0","0","0","0","0","0","0"
"5231446",11,23,1,"UA","DEN","SEA",1910,1910,0,178,179,149,1024,2108,2109,1,"0","0","0","0","0","0","0"
"255632",1,17,6,"UA","SFO","LAS",1500,1455,-5,99,85,61,414,1639,1620,-19,"0","0","0","0","0","0","0"
"661455",2,13,5,"AA","SFO","LAX",1442,1438,-4,82,76,56,337,1604,1554,-10,"0","0","0","0","0","0","0"
"783163",2,21,6,"DL","ORD","ATL",1245,1243,-2,123,106,86,606,1548,1529,-19,"0","0","0","0","0","0","0"
"5070858",11,13,5,"AA","ATL","LAX",1230,1225,-5,300,285,264,1947,1430,1410,-20,"0","0","0","0","0","0","0"
"3309995",7,26,7,"DL","SEA","ATL",845,847,2,290,274,249,2182,1635,1621,-14,"0","0","0","0","0","0","0"
"952471",3,4,3,"DL","DFW","ATL",1100,1110,10,132,113,92,731,1412,1403,-9,"0","0","0","0","0","0","0"
"3494804",8,6,4,"WN","DEN","LAX",600,559,-1,140,142,120,862,720,721,1,"0","0","0","0","0","0","0"
"3948834",9,2,3,"AA","ORD","DFW",1702,1656,-6,163,139,110,802,1945,1915,-30,"0","0","0","0","0","0","0"
"2102114",5,14,4,"AS","LAS","SEA",910,859,-11,149,139,123,867,1139,1118,-21,"0","0","0","0","0","0","0"
"2592406",6,13,6,"AA","ORD","DFW",957,1101,64,147,132,106,802,1224,1313,49,"0","0","0","0","1","0","0"
"1747095",4,22,3,"UA","DEN","ATL",955,1326,211,173,174,133,1199,1448,1820,212,"0","0","1","0","1","0","0"
"5788525",12,29,2,"AS","SEA","LAX",2055,2056,1,149,165,116,954,2324,2341,17,"0","0","1","0","0","0","0"
"1207039",3,19,4,"UA","SFO","JFK",2058,2147,49,328,311,288,2586,526,558,32,"0","0","0","0","1","0","0"
"2997903",7,7,2,"UA","ORD","LAX",1724,1755,31,266,284,236,1744,1950,2039,49,"0","0","1","0","1","1","0"
"816806",2,23,1,"UA","JFK","LAX",1700,1657,-3,385,372,351,2475,2025,2009,-16,"0","0","0","0","0","0","0"
"1456572",4,4,6,"AA","LAS","JFK",800,1207,247,305,291,256,2248,1605,1958,233,"0","0","1","0","0","0","0"
"3203217",7,19,7,"AA","LAX","SFO",2020,2151,91,90,72,52,337,2150,2303,73,"0","0","0","0","0","1","0"
"2875143",6,30,2,"UA","ATL","SFO",720,744,24,311,275,257,2139,931,919,-12,"0","0","0","0","0","0","0"
"3242748",7,22,3,"UA","LAS","SFO",806,756,-10,107,100,66,414,953,936,-17,"0","0","0","0","0","0","0"
"2770607",6,23,2,"AS","SFO","SEA",2020,2008,-12,119,122,91,679,2219,2210,-9,"0","0","0","0","0","0","0"
"3874095",8,28,5,"WN","DEN","SEA",2125,2124,-1,170,154,138,1024,2315,2258,-17,"0","0","0","0","0","0","0"
"3309820",7,26,7,"UA","LAX","SFO",835,944,69,87,96,51,337,1002,1120,78,"0","0","1","0","1","1","0"
"5116878",11,16,1,"DL","DFW","ATL",1330,1326,-4,120,126,93,731,1630,1632,2,"0","0","0","0","0","0","0"
"2528347",6,9,2,"DL","SEA","LAX",1422,1424,2,168,161,136,954,1710,1705,-5,"0","0","0","0","0","0","0"
"4067845",9,10,4,"WN","SFO","LAS",1450,1448,-2,95,85,65,414,1625,1613,-12,"0","0","0","0","0","0","0"
"231135",1,15,4,"AA","DFW","LAX",2135,2202,27,205,174,157,1235,2300,2256,-4,"0","0","0","0","0","0","0"
"5096418",11,15,7,"AA","CLT","DFW",930,927,-3,183,166,135,936,1133,1113,-20,"0","0","0","0","0","0","0"
"3194955",7,19,7,"DL","ATL","LAX",1206,1205,-1,279,273,229,1947,1345,1338,-7,"0","0","0","0","0","0","0"
"5447439",12,8,2,"AA","ORD","DFW",500,459,-1,157,141,108,802,737,720,-17,"0","0","0","0","0","0","0"
"3891321",8,30,7,"UA","ORD","LAS",905,905,0,236,218,189,1514,1101,1043,-18,"0","0","0","0","0","0","0"
"3293266",7,25,6,"UA","SFO","ORD",655,654,-1,249,241,216,1846,1304,1255,-9,"0","0","0","0","0","0","0"
"2555139",6,11,4,"AA","JFK","ORD",705,700,-5,166,156,122,740,851,836,-15,"0","0","0","0","0","0","0"
"3169491",7,17,5,"OO","LAS","SEA",1815,1816,1,163,160,135,867,2058,2056,-2,"0","0","0","0","0","0","0"
"3312426",7,26,7,"UA","LAS","ORD",1108,1127,19,218,227,178,1514,1646,1714,28,"0","0","1","0","1","1","0"
"928500",3,2,1,"DL","ATL","SFO",1915,1917,2,331,330,294,2139,2146,2147,1,"0","0","0","0","0","0","0"
"3042551",7,10,5,"AA","ORD","LAS",1005,1015,10,234,228,201,1514,1159,1203,4,"0","0","0","0","0","0","0"
"1043306",3,9,1,"UA","LAX","SFO",2226,2218,-8,86,82,57,337,2352,2340,-12,"0","0","0","0","0","0","0"
"57398",1,4,7,"WN","ATL","DEN",1645,1811,86,215,206,185,1199,1820,1937,77,"0","0","0","0","1","1","0"
"5031426",11,11,3,"AA","ATL","DFW",608,603,-5,147,144,118,731,735,727,-8,"0","0","0","0","0","0","0"
"2350548",5,29,5,"DL","ATL","SFO",1630,1636,6,322,301,275,2139,1852,1837,-15,"0","0","0","0","0","0","0"
"4231223",9,21,1,"AA","DFW","ATL",900,857,-3,134,135,98,731,1214,1212,-2,"0","0","0","0","0","0","0"
"1224212",3,20,5,"DL","JFK","LAX",2115,2332,137,399,431,352,2475,54,343,169,"0","0","1","0","0","1","1"
"3402204",7,31,5,"AA","LAX","DFW",1410,1404,-6,201,205,171,1235,1931,1929,-2,"0","0","0","0","0","0","0"
"362283",1,24,6,"AA","LAX","ORD",1740,1734,-6,237,247,228,1744,2337,2341,4,"0","0","0","0","0","0","0"
"2471056",6,6,6,"DL","LAS","JFK",600,557,-3,299,283,261,2248,1359,1340,-19,"0","0","0","0","0","0","0"
"3734924",8,20,4,"AA","ORD","DFW",1205,1201,-4,158,147,119,802,1443,1428,-15,"0","0","0","0","0","0","0"
"2322717",5,28,4,"AA","ORD","DFW",605,558,-7,153,134,112,802,838,812,-26,"0","0","0","0","0","0","0"
"1064004",3,11,3,"AA","DFW","LAS",910,904,-6,182,161,139,1055,1012,945,-27,"0","0","0","0","0","0","0"
"1316233",3,26,4,"DL","ORD","ATL",1535,1530,-5,120,108,90,606,1835,1818,-17,"0","0","0","0","0","0","0"
"1369464",3,29,7,"WN","DEN","SFO",2155,2153,-2,165,141,127,967,2340,2314,-26,"0","0","0","0","0","0","0"
"5667443",12,22,2,"AS","SEA","SFO",600,554,-6,128,108,89,679,808,742,-26,"0","0","0","0","0","0","0"
"2908255",7,2,4,"UA","LAX","SFO",659,658,-1,87,80,53,337,826,818,-8,"0","0","0","0","0","0","0"
"3094877",7,13,1,"AS","DEN","SEA",1310,1300,-10,160,160,137,1024,1450,1440,-10,"0","0","0","0","0","0","0"
"1024317",3,8,7,"AA","ORD","LAX",1935,2042,67,278,281,235,1744,2213,2323,70,"0","0","1","0","0","0","0"
"2392968",6,1,1,"DL","ATL","ORD",1215,1215,0,128,122,96,606,1323,1317,-6,"0","0","0","0","0","0","0"
"1190765",3,18,3,"UA","ORD","LAS",2200,54,174,239,209,189,1514,2359,223,144,"0","0","0","0","1","1","0"
"1569789",4,11,6,"DL","DFW","ATL",830,828,-2,120,112,92,731,1130,1120,-10,"0","0","0","0","0","0","0"
"2305558",5,27,3,"AA","LAX","DFW",600,558,-2,185,190,153,1235,1105,1108,3,"0","0","0","0","0","0","0"
"552150",2,6,5,"UA","JFK","LAX",1129,1127,-2,377,355,331,2475,1446,1422,-24,"0","0","0","0","0","0","0"
"457186",1,30,5,"OO","DFW","ORD",2103,2053,-10,132,140,112,802,2315,2313,-2,"0","0","0","0","0","0","0"
"2217371",5,21,4,"DL","LAS","JFK",1024,1024,0,313,287,252,2248,1837,1811,-26,"0","0","0","0","0","0","0"
"35031",1,3,6,"UA","LAS","SFO",955,952,-3,105,94,68,414,1140,1126,-14,"0","0","0","0","0","0","0"
"4062851",9,10,4,"AA","CLT","SEA",935,933,-2,341,337,300,2279,1216,1210,-6,"0","0","0","0","0","0","0"
"1133548",3,15,7,"AA","ORD","LAX",1415,1417,2,271,241,213,1744,1646,1618,-28,"0","0","0","0","0","0","0"
"5089958",11,14,6,"OO","ORD","ATL",1710,1721,11,119,115,84,606,2009,2016,7,"0","0","0","0","0","0","0"
"857115",2,26,4,"DL","ORD","ATL",900,927,27,121,165,94,606,1201,1312,71,"0","0","1","0","0","1","1"
"1820890",4,26,7,"AA","LAX","SFO",2050,2043,-7,84,100,55,337,2214,2223,9,"0","0","0","0","0","0","0"
"4109319",9,13,7,"DL","SEA","LAX",1251,1249,-2,169,150,125,954,1540,1519,-21,"0","0","0","0","0","0","0"
"2222275",5,21,4,"DL","ATL","LAX",1515,1514,-1,300,283,257,1947,1715,1657,-18,"0","0","0","0","0","0","0"
"4170502",9,17,4,"UA","DFW","ORD",935,930,-5,148,137,112,802,1203,1147,-16,"0","0","0","0","0","0","0"
"5037985",11,11,3,"UA","ORD","SFO",1239,1256,17,295,283,265,1846,1534,1539,5,"0","0","0","0","0","0","0"
"1236306",3,21,6,"UA","ORD","DEN",1740,1738,-2,160,153,123,888,1920,1911,-9,"0","0","0","0","0","0","0"
"4300430",9,25,5,"AA","SEA","DFW",1334,1411,37,236,224,197,1660,1930,1955,25,"0","0","0","0","1","1","0"
"5002030",11,9,1,"AA","DFW","DEN",905,859,-6,129,136,98,641,1014,1015,1,"0","0","0","0","0","0","0"
"3315831",7,26,7,"DL","DFW","ATL",1435,1424,-11,135,124,98,731,1750,1728,-22,"0","0","0","0","0","0","0"
"660610",2,13,5,"WN","LAX","SFO",1350,1352,2,80,73,51,337,1510,1505,-5,"0","0","0","0","0","0","0"
"3753014",8,21,5,"UA","LAX","SFO",1312,1311,-1,86,78,55,337,1438,1429,-9,"0","0","0","0","0","0","0"
"5186315",11,20,5,"AA","ATL","DFW",1725,1722,-3,155,164,116,731,1900,1906,6,"0","0","0","0","0","0","0"
"5034214",11,11,3,"AA","ORD","CLT",855,848,-7,122,107,84,599,1157,1135,-22,"0","0","0","0","0","0","0"
"2994105",7,7,2,"UA","LAX","ORD",1338,1341,3,245,246,207,1744,1943,1947,4,"0","0","0","0","0","0","0"
"1643483",4,15,3,"UA","DEN","SFO",1906,1905,-1,159,154,124,967,2045,2039,-6,"0","0","0","0","0","0","0"
"4879574",11,1,7,"AA","SFO","DFW",1349,1348,-1,216,214,163,1464,1925,1922,-3,"0","0","0","0","0","0","0"
"2958714",7,5,7,"AA","SFO","CLT",1300,1255,-5,306,311,268,2296,2106,2106,0,"0","0","0","0","0","0","0"
"2077615",5,12,2,"WN","LAS","SFO",1805,1809,4,90,93,73,414,1935,1942,7,"0","0","0","0","0","0","0"
"5005331",11,9,1,"DL","DFW","ATL",1220,1218,-2,123,125,91,731,1523,1523,0,"0","0","0","0","0","0","0"
"5095149",11,15,7,"UA","ORD","SFO",805,807,2,289,255,238,1846,1054,1022,-32,"0","0","0","0","0","0","0"
"4063045",9,10,4,"AA","LAS","DFW",950,948,-2,168,153,125,1055,1438,1421,-17,"0","0","0","0","0","0","0"
"3867345",8,28,5,"OO","DFW","ORD",1419,1423,4,149,132,110,802,1648,1635,-13,"0","0","0","0","0","0","0"
"3936651",9,1,2,"WN","SFO","LAX",2200,2156,-4,85,79,57,337,2325,2315,-10,"0","0","0","0","0","0","0"
"2554048",6,11,4,"OO","DFW","ORD",605,602,-3,150,142,112,802,835,824,-11,"0","0","0","0","0","0","0"
"4030484",9,8,2,"WN","SFO","LAX",825,824,-1,85,72,57,337,950,936,-14,"0","0","0","0","0","0","0"
"128292",1,9,5,"WN","SFO","LAX",750,751,1,85,74,56,337,915,905,-10,"0","0","0","0","0","0","0"
"5642166",12,20,7,"WN","ATL","DEN",1330,1334,4,205,191,175,1199,1455,1445,-10,"0","0","0","0","0","0","0"
"1841634",4,28,2,"OO","LAX","SEA",800,751,-9,172,153,128,954,1052,1024,-28,"0","0","0","0","0","0","0"
"4021794",9,7,1,"UA","ORD","DEN",1610,1615,5,160,160,129,888,1750,1755,5,"0","0","0","0","0","0","0"
"880024",2,27,5,"UA","LAX","DEN",1524,1525,1,142,138,110,862,1846,1843,-3,"0","0","0","0","0","0","0"
"5456396",12,8,2,"DL","SFO","ATL",1438,1437,-1,279,269,249,2139,2217,2206,-11,"0","0","0","0","0","0","0"
"18974",1,2,5,"AS","SFO","SEA",1010,1006,-4,122,125,105,679,1212,1211,-1,"0","0","0","0","0","0","0"
"1622884",4,14,2,"DL","LAX","ATL",1500,1510,10,254,254,229,1947,2214,2224,10,"0","0","0","0","0","0","0"
"1157189",3,16,1,"AA","ORD","DEN",2115,2115,0,153,153,127,888,2248,2248,0,"0","0","0","0","0","0","0"
"3549031",8,9,7,"AA","DFW","ATL",1029,1025,-4,139,123,101,731,1348,1328,-20,"0","0","0","0","0","0","0"
"3666388",8,16,7,"AS","LAS","SEA",1055,1041,-14,147,152,127,867,1322,1313,-9,"0","0","0","0","0","0","0"
"2334994",5,28,4,"DL","ATL","SFO",1755,1831,36,323,309,281,2139,2018,2040,22,"0","0","0","0","0","0","1"
"3647044",8,15,6,"WN","DEN","ATL",600,556,-4,175,167,145,1199,1055,1043,-12,"0","0","0","0","0","0","0"
"2001772",5,8,5,"AS","SEA","ORD",35,35,0,237,218,205,1721,632,613,-19,"0","0","0","0","0","0","0"
"1066113",3,11,3,"UA","SFO","LAS",1115,1146,31,97,97,62,414,1252,1323,31,"0","0","0","0","1","1","0"
"5750556",12,27,7,"WN","LAX","SFO",1530,1600,30,75,78,65,337,1645,1718,33,"0","0","1","0","1","1","0"
"3216530",7,20,1,"DL","ATL","LAS",1620,1616,-4,263,229,217,1747,1743,1705,-38,"0","0","0","0","0","0","0"
"2238689",5,22,5,"DL","SEA","ATL",1425,1454,29,292,278,253,2182,2217,2232,15,"0","0","0","0","1","1","0"
"1491780",4,6,1,"DL","ATL","LAX",1330,1329,-1,310,291,271,1947,1540,1520,-20,"0","0","0","0","0","0","0"
"58250",1,4,7,"UA","ORD","DFW",1734,1804,30,158,155,130,802,2012,2039,27,"0","0","0","0","1","0","0"
"495759",2,2,1,"AA","ORD","LAX",1740,1756,16,269,257,233,1744,2009,2013,4,"0","0","0","0","0","0","0"
"430435",1,29,4,"WN","SFO","LAS",1000,1028,28,95,80,68,414,1135,1148,13,"0","0","0","0","0","0","0"
"1839365",4,28,2,"OO","DFW","SFO",600,558,-2,244,214,192,1464,804,732,-32,"0","0","0","0","0","0","0"
"698031",2,16,1,"AA","LAX","DFW",800,758,-2,175,190,148,1235,1255,1308,13,"0","0","0","0","0","0","0"
"2906550",7,2,4,"DL","LAX","ATL",54,54,0,260,274,231,1947,814,828,14,"0","0","0","0","0","0","0"
"1055075",3,10,2,"DL","LAX","ATL",1650,1644,-6,248,248,230,1947,2358,2352,-6,"0","0","0","0","0","0","0"
"4136125",9,15,2,"AA","DFW","ORD",705,711,6,146,128,108,802,931,919,-12,"0","0","0","0","0","0","0"
"2108719",5,14,4,"UA","JFK","SFO",1540,1542,2,401,393,341,2586,1921,1915,-6,"0","0","0","0","0","0","0"
"2567820",6,11,4,"UA","SFO","ORD",1920,2000,40,251,236,218,1846,131,156,25,"0","0","0","0","1","1","0"
"1731044",4,21,2,"UA","SFO","ORD",1015,1011,-4,264,255,221,1846,1639,1626,-13,"0","0","0","0","0","0","0"
"431947",1,29,4,"UA","JFK","LAX",1129,1127,-2,377,360,339,2475,1446,1427,-19,"0","0","0","0","0","0","0"
"110892",1,8,4,"DL","SFO","ATL",625,622,-3,274,260,235,2139,1359,1342,-17,"0","0","0","0","0","0","0"
"281302",1,19,1,"UA","LAX","JFK",1304,1304,0,324,327,287,2475,2128,2131,3,"0","0","0","0","0","0","0"
"5157212",11,18,3,"AA","SEA","CLT",2220,2228,8,284,260,239,2279,604,548,-16,"0","0","0","0","0","0","0"
"1951287",5,4,1,"WN","SFO","LAX",2200,2215,15,80,65,52,337,2320,2320,0,"0","0","0","0","0","0","0"
"123346",1,8,4,"WN","LAX","SFO",1850,1846,-4,75,66,51,337,2005,1952,-13,"0","0","0","0","0","0","0"
"880784",2,27,5,"UA","SEA","LAX",1605,1602,-3,163,144,121,954,1848,1826,-22,"0","0","0","0","0","0","0"
"3829889",8,26,3,"AA","JFK","SFO",1030,1024,-6,380,373,341,2586,1350,1337,-13,"0","0","0","0","0","0","0"
"475414",2,1,7,"WN","SFO","LAS",1215,1215,0,90,81,66,414,1345,1336,-9,"0","0","0","0","0","0","0"
"2789413",6,24,3,"DL","ATL","CLT",2306,2336,30,72,65,40,226,18,41,23,"0","0","0","0","1","1","1"
"1655631",4,16,4,"DL","SEA","ATL",1432,1436,4,283,288,258,2182,2215,2224,9,"0","0","0","0","0","0","0"
"2602545",6,13,6,"UA","ORD","SEA",2232,2303,31,272,261,227,1721,104,124,20,"0","0","0","0","1","0","0"
"4234573",9,21,1,"UA","SFO","LAX",1212,1208,-4,93,98,53,337,1345,1346,1,"0","0","0","0","0","0","0"
"5718283",12,25,5,"AA","ORD","LAX",1223,1221,-2,282,283,249,1744,1505,1504,-1,"0","0","0","0","0","0","0"
"1037323",3,9,1,"UA","SFO","DEN",1536,1531,-5,151,142,123,967,1907,1853,-14,"0","0","0","0","0","0","0"
"1385685",3,30,1,"DL","ATL","ORD",2040,2036,-4,129,122,94,606,2149,2138,-11,"0","0","0","0","0","0","0"
"3915201",8,31,1,"UA","LAS","DEN",1613,1715,62,117,110,86,628,1910,2005,55,"0","0","1","0","0","0","0"
"351849",1,23,5,"WN","LAS","SFO",2150,2144,-6,100,73,60,414,2330,2257,-33,"0","0","0","0","0","0","0"
"3595415",8,12,3,"DL","LAS","ATL",600,555,-5,240,222,205,1747,1300,1237,-23,"0","0","0","0","0","0","0"
"5428484",12,6,7,"AA","DFW","SFO",1845,1937,52,237,227,200,1464,2042,2124,42,"0","0","0","0","1","1","0"
"732573",2,18,3,"UA","SFO","ORD",1002,1007,5,253,244,219,1846,1615,1611,-4,"0","0","0","0","0","0","0"
"5095777",11,15,7,"AA","ORD","LAX",847,839,-8,277,274,235,1744,1124,1113,-11,"0","0","0","0","0","0","0"
"1097242",3,13,5,"AA","SFO","JFK",845,837,-8,331,326,301,2586,1716,1703,-13,"0","0","0","0","0","0","0"
"637643",2,12,4,"OO","LAS","SEA",720,715,-5,164,156,130,867,1004,951,-13,"0","0","0","0","0","0","0"
"1472877",4,5,7,"AA","LAX","ORD",1110,1106,-4,255,219,190,1744,1725,1645,-40,"0","0","0","0","0","0","0"
"27624",1,2,5,"UA","ORD","SFO",1845,1940,55,294,271,246,1846,2139,2211,32,"0","0","0","0","1","0","0"
"4214473",9,20,7,"DL","LAX","SEA",840,835,-5,164,167,143,954,1124,1122,-2,"0","0","0","0","0","0","0"
"1277572",3,24,2,"UA","ORD","LAX",1013,1105,52,275,255,238,1744,1248,1320,32,"0","0","0","0","1","1","0"
"55729",1,4,7,"DL","ATL","DFW",1500,1508,8,155,140,118,731,1635,1628,-7,"0","0","0","0","0","0","0"
"5155318",11,18,3,"AS","LAX","SEA",1930,1921,-9,163,166,145,954,2213,2207,-6,"0","0","0","0","0","0","0"
"2412896",6,2,2,"AA","LAX","JFK",1520,1559,39,332,303,289,2475,2352,2,10,"0","0","0","0","0","0","0"
"1221839",3,20,5,"AS","LAX","SEA",1835,1829,-6,160,155,130,954,2115,2104,-11,"0","0","0","0","0","0","0"
"3146277",7,16,4,"DL","ATL","CLT",1237,1237,0,73,76,39,226,1350,1353,3,"0","0","0","0","0","0","0"
"1349208",3,28,6,"OO","LAX","SEA",1555,1555,0,171,157,133,954,1846,1832,-14,"0","0","0","0","0","0","0"
"1747625",4,22,3,"AS","SEA","LAX",1020,1015,-5,166,154,128,954,1306,1249,-17,"0","0","0","0","0","0","0"
"2448498",6,4,4,"AA","DFW","LAX",1715,1715,0,203,210,178,1235,1838,1845,7,"0","0","0","0","0","0","0"
"672321",2,14,6,"AA","JFK","LAX",1000,957,-3,390,369,332,2475,1330,1306,-24,"0","0","0","0","0","0","0"
"752809",2,19,4,"AA","DFW","LAX",1400,1355,-5,202,200,178,1235,1522,1515,-7,"0","0","0","0","0","0","0"
"5098252",11,15,7,"WN","LAX","LAS",1120,1158,38,65,55,40,236,1225,1253,28,"0","0","0","0","1","1","0"
"4876667",11,1,7,"UA","SFO","DEN",1047,1045,-2,153,133,110,967,1420,1358,-22,"0","0","0","0","0","0","0"
"1713350",4,20,1,"UA","ORD","SFO",910,941,31,284,262,235,1846,1154,1203,9,"0","0","0","0","0","0","0"
"1901835",5,1,5,"UA","LAS","DEN",1807,1803,-4,114,106,88,628,2101,2049,-12,"0","0","0","0","0","0","0"
"2810868",6,26,5,"OO","LAX","SEA",847,846,-1,167,150,119,954,1134,1116,-18,"0","0","0","0","0","0","0"
"576016",2,8,7,"UA","LAX","LAS",800,755,-5,72,65,31,236,912,900,-12,"0","0","0","0","0","0","0"
"4345168",9,28,1,"WN","LAX","DEN",1310,1309,-1,135,133,106,862,1625,1622,-3,"0","0","0","0","0","0","0"
"1752601",4,22,3,"AA","DFW","LAS",1520,1526,6,184,187,157,1055,1624,1633,9,"0","0","0","0","0","0","0"
"3500818",8,6,4,"WN","LAS","DEN",1130,1129,-1,115,97,79,628,1425,1406,-19,"0","0","0","0","0","0","0"
"3217179",7,20,1,"OO","DEN","SEA",1659,1659,0,175,167,144,1024,1854,1846,-8,"0","0","0","0","0","0","0"
"3168352",7,17,5,"AS","LAS","SEA",1715,1707,-8,149,154,132,867,1944,1941,-3,"0","0","0","0","0","0","0"
"2938270",7,3,5,"DL","ATL","LAS",2200,2159,-1,256,256,235,1747,2316,2315,-1,"0","0","0","0","0","0","0"
"4210273",9,19,6,"UA","DEN","LAS",1908,1938,30,115,97,84,628,2003,2015,12,"0","0","0","0","0","0","0"
"2556381",6,11,4,"UA","LAX","DEN",812,812,0,143,146,104,862,1135,1138,3,"0","0","0","0","0","0","0"
"2347402",5,29,5,"WN","SFO","LAX",1320,1320,0,80,79,56,337,1440,1439,-1,"0","0","0","0","0","0","0"
"579982",2,8,7,"AA","LAS","DFW",1213,1206,-7,157,158,123,1055,1650,1644,-6,"0","0","0","0","0","0","0"
"3024093",7,9,4,"UA","ORD","SFO",905,921,16,263,260,229,1846,1128,1141,13,"0","0","0","0","0","0","0"
"5600829",12,17,4,"DL","DFW","ATL",1945,1952,7,121,108,86,731,2246,2240,-6,"0","0","0","0","0","0","0"
"3603226",8,12,3,"AA","CLT","JFK",1320,1321,1,119,106,75,541,1519,1507,-12,"0","0","0","0","0","0","0"
"3640905",8,14,5,"DL","ATL","DFW",1630,1626,-4,140,141,120,731,1750,1747,-3,"0","0","0","0","0","0","0"
"804775",2,22,7,"UA","SFO","ORD",2244,2247,3,245,232,210,1846,449,439,-10,"0","0","0","0","0","0","0"
"1263951",3,23,1,"AA","SFO","DFW",1320,1350,30,205,206,167,1464,1845,1916,31,"0","0","1","0","1","1","0"
"353254",1,24,6,"AA","DFW","LAX",650,643,-7,206,196,159,1235,816,759,-17,"0","0","0","0","0","0","0"
"4362943",9,29,2,"DL","LAX","ATL",1445,1440,-5,259,254,226,1947,2204,2154,-10,"0","0","0","0","0","0","0"
"2768681",6,23,2,"AA","ORD","CLT",1825,1821,-4,125,105,80,599,2130,2106,-24,"0","0","0","0","0","0","0"
"2365664",5,30,6,"AA","CLT","ORD",1615,1852,157,128,139,112,599,1723,2011,168,"0","0","1","0","1","1","0"
"5431331",12,7,1,"AA","SFO","CLT",15,5,-10,290,286,265,2296,805,751,-14,"0","0","0","0","0","0","0"
"2462107",6,5,5,"OO","ORD","ATL",1335,1335,0,124,119,87,606,1639,1634,-5,"0","0","0","0","0","0","0"
"1384396",3,30,1,"DL","JFK","LAS",1915,1939,24,357,319,297,2248,2212,2158,-14,"0","0","0","0","0","0","0"
"4068859",9,10,4,"WN","LAX","LAS",1550,1549,-1,70,64,46,236,1700,1653,-7,"0","0","0","0","0","0","0"
"2534674",6,9,2,"DL","ATL","ORD",2048,NA,NA,132,NA,NA,606,2200,NA,NA,"0","1","0","0","0","0","0"
"4250988",9,22,2,"WN","LAS","DEN",1230,1247,17,110,96,80,628,1520,1523,3,"0","0","0","0","0","0","0"
"416417",1,28,3,"DL","JFK","LAX",1135,1156,21,390,365,343,2475,1505,1501,-4,"0","0","0","0","0","0","0"
"2402979",6,2,2,"UA","LAX","DEN",545,540,-5,144,188,111,862,909,948,39,"0","0","1","0","0","0","0"
"3761549",8,21,5,"DL","ATL","CLT",2306,2302,-4,70,57,38,226,16,2359,-17,"0","0","0","0","0","0","0"
"4069166",9,10,4,"UA","DEN","ORD",1610,1608,-2,152,140,111,888,1942,1928,-14,"0","0","0","0","0","0","0"
"3784954",8,23,7,"AA","DFW","CLT",1540,1542,2,161,161,129,936,1921,1923,2,"0","0","0","0","0","0","0"
"909877",3,1,7,"OO","LAS","SEA",1705,1712,7,164,149,126,867,1949,1941,-8,"0","0","0","0","0","0","0"
"2449964",6,4,4,"WN","LAX","DEN",1835,1830,-5,135,NA,NA,862,2150,53,NA,"1","0","0","0","0","0","0"
"5598530",12,17,4,"DL","ATL","ORD",1725,1752,27,124,108,83,606,1829,1840,11,"0","0","0","0","0","0","0"
"2284596",5,25,1,"OO","LAS","LAX",1809,1804,-5,76,73,46,236,1925,1917,-8,"0","0","0","0","0","0","0"
"4002032",9,6,7,"AA","ORD","LAS",1000,959,-1,234,228,207,1514,1154,1147,-7,"0","0","0","0","0","0","0"
"5512514",12,12,6,"AS","SEA","LAX",655,650,-5,160,150,107,954,935,920,-15,"0","0","0","0","0","0","0"
"3366382",7,29,3,"AA","ATL","DFW",1306,1304,-2,143,118,98,731,1429,1402,-27,"0","0","0","0","0","0","0"
"5524499",12,13,7,"AA","SFO","DFW",643,646,3,212,208,171,1464,1215,1214,-1,"0","0","0","0","0","0","0"
"3490772",8,5,3,"AA","DFW","LAS",1845,1844,-1,179,165,141,1055,1944,1929,-15,"0","0","0","0","0","0","0"
"821202",2,23,1,"DL","LAX","JFK",2255,2254,-1,305,287,260,2475,700,641,-19,"0","0","0","0","0","0","0"
"2338792",5,28,4,"AA","SFO","JFK",2250,2242,-8,337,342,303,2586,727,724,-3,"0","0","0","0","0","0","0"
"1989123",5,7,4,"UA","ORD","LAX",917,910,-7,268,260,235,1744,1145,1130,-15,"0","0","0","0","0","0","0"
"4058708",9,10,4,"AA","SFO","ORD",500,500,0,251,247,217,1846,1111,1107,-4,"0","0","0","0","0","0","0"
"2141259",5,16,6,"AA","ATL","DFW",1555,1551,-4,148,144,120,731,1723,1715,-8,"0","0","0","0","0","0","0"
"1321926",3,26,4,"UA","LAX","JFK",2140,2142,2,319,329,304,2475,559,611,12,"0","0","0","0","0","0","0"
"1845511",4,28,2,"AA","DFW","JFK",1154,1152,-2,225,204,183,1391,1639,1616,-23,"0","0","0","0","0","0","0"
"3213803",7,20,1,"WN","DEN","LAS",1340,1340,0,110,109,89,628,1430,1429,-1,"0","0","0","0","0","0","0"
"73847",1,5,1,"OO","DFW","LAX",1630,1828,118,213,184,152,1235,1803,1932,89,"0","0","0","0","0","1","0"
"5237500",11,24,2,"AA","CLT","DFW",930,943,13,183,165,137,936,1133,1128,-5,"0","0","0","0","0","0","0"
"3136556",7,15,3,"AA","DFW","ORD",2010,2021,11,154,128,109,802,2244,2229,-15,"0","0","0","0","0","0","0"
"332995",1,22,4,"OO","LAS","LAX",1803,1801,-2,72,73,44,236,1915,1914,-1,"0","0","0","0","0","0","0"
"1432851",4,2,4,"AA","JFK","LAX",1730,1730,0,391,434,384,2475,2101,2144,43,"0","0","1","0","0","0","0"
"2132524",5,16,6,"AA","ORD","DFW",605,600,-5,153,134,114,802,838,814,-24,"0","0","0","0","0","0","0"
"2190391",5,19,2,"UA","ATL","ORD",1704,1713,9,136,116,93,606,1820,1809,-11,"0","0","0","0","0","0","0"
"1979342",5,6,3,"AS","LAX","SEA",1620,1615,-5,159,NA,NA,954,1859,2217,NA,"1","0","0","0","0","0","0"
"442448",1,30,5,"UA","LAS","SFO",600,552,-8,100,81,64,414,740,713,-27,"0","0","0","0","0","0","0"
"3794813",8,24,1,"UA","SFO","JFK",845,839,-6,342,316,292,2586,1727,1655,-32,"0","0","0","0","0","0","0"
"2167105",5,18,1,"WN","LAS","LAX",1035,1042,7,70,80,43,236,1145,1202,17,"0","0","1","0","0","1","0"
"3662222",8,16,7,"DL","SEA","LAX",654,654,0,171,155,130,954,945,929,-16,"0","0","0","0","0","0","0"
"952065",3,4,3,"DL","DEN","ATL",1035,1038,3,177,158,135,1199,1532,1516,-16,"0","0","0","0","0","0","0"
"3299403",7,25,6,"AS","LAS","SEA",1320,1314,-6,148,144,119,867,1548,1538,-10,"0","0","0","0","0","0","0"
"970568",3,5,4,"DL","LAX","JFK",1245,1422,97,325,328,293,2475,2110,2250,100,"0","0","1","0","0","0","0"
"2559126",6,11,4,"DL","ATL","DEN",1050,1050,0,193,168,148,1199,1203,1138,-25,"0","0","0","0","0","0","0"
"4359719",9,29,2,"AA","CLT","ORD",1125,1124,-1,128,120,92,599,1233,1224,-9,"0","0","0","0","0","0","0"
"780000",2,21,6,"WN","LAX","SFO",900,855,-5,80,74,56,337,1020,1009,-11,"0","0","0","0","0","0","0"
"352851",1,24,6,"DL","CLT","ATL",615,842,147,76,59,42,226,731,941,130,"0","0","0","0","1","0","0"
"2543690",6,10,3,"AA","SFO","JFK",1235,1232,-3,353,335,308,2586,2128,2107,-21,"0","0","0","0","0","0","0"
"5203850",11,22,7,"AA","LAS","ORD",515,511,-4,223,215,186,1514,1058,1046,-12,"0","0","0","0","0","0","0"
"4177198",9,17,4,"DL","LAX","ATL",1615,1613,-2,257,243,215,1947,2332,2316,-16,"0","0","0","0","0","0","0"
"483679",2,2,1,"AS","DEN","SEA",600,555,-5,185,200,165,1024,805,815,10,"0","0","0","0","0","0","0"
"5370042",12,2,3,"OO","LAX","DFW",2006,2002,-4,181,171,150,1235,107,53,-14,"0","0","0","0","0","0","0"
"1779806",4,24,5,"AA","ORD","DFW",900,852,-8,163,NA,NA,802,1143,1439,NA,"1","0","0","0","0","0","0"
"2316331",5,27,3,"UA","LAS","DEN",1617,1613,-4,113,105,88,628,1910,1858,-12,"0","0","0","0","0","0","0"
"4003898",9,6,7,"AA","DFW","ORD",1205,1202,-3,155,140,111,802,1440,1422,-18,"0","0","0","0","0","0","0"
"4911245",11,3,2,"AA","JFK","LAX",1230,1225,-5,361,351,328,2475,1531,1516,-15,"0","0","0","0","0","0","0"
"5070893",11,13,5,"WN","LAX","DEN",1230,1237,7,135,147,126,862,1545,1604,19,"0","0","1","0","1","1","0"
"42965",1,3,6,"WN","LAX","SFO",1815,1839,24,75,67,56,337,1930,1946,16,"0","0","0","0","1","1","0"
"1587193",4,12,7,"AA","ORD","JFK",1235,1243,8,151,137,105,740,1606,1600,-6,"0","0","0","0","0","0","0"
"899665",3,1,7,"AS","SEA","LAX",610,603,-7,155,158,127,954,845,841,-4,"0","0","0","0","0","0","0"
"4227589",9,21,1,"WN","SEA","LAS",530,529,-1,145,154,140,867,755,803,8,"0","0","0","0","0","0","0"
"3086206",7,12,7,"UA","SFO","ORD",2230,2231,1,253,236,210,1846,443,427,-16,"0","0","0","0","0","0","0"
"686774",2,15,7,"DL","ATL","ORD",1215,1214,-1,128,142,120,606,1323,1336,13,"0","0","0","0","0","0","0"
"3574571",8,10,1,"WN","LAS","DEN",1840,1930,50,105,103,83,628,2125,2213,48,"0","0","0","0","1","1","0"
"1676068",4,17,5,"UA","SFO","ORD",1805,1807,2,250,249,226,1846,15,16,1,"0","0","0","0","0","0","0"
"5701200",12,24,4,"UA","LAS","ORD",706,700,-6,222,171,154,1514,1248,1151,-57,"0","0","0","0","0","0","0"
"4266188",9,23,3,"AA","ORD","SFO",1205,1213,8,287,282,238,1846,1452,1455,3,"0","0","0","0","0","0","0"
"2352389",5,29,5,"AA","ORD","CLT",1815,1841,26,122,113,90,599,2117,2134,17,"0","0","0","0","1","0","0"
"1267988",3,23,1,"AA","SFO","DFW",1720,1719,-1,196,197,172,1464,2236,2236,0,"0","0","0","0","0","0","0"
"5548247",12,14,1,"WN","LAS","ATL",1455,1456,1,225,213,194,1747,2140,2129,-11,"0","0","0","0","0","0","0"
"2011472",5,8,5,"WN","LAS","ATL",1440,1455,15,235,241,209,1747,2135,2156,21,"0","0","1","0","0","1","0"
"921436",3,2,1,"DL","ATL","ORD",1215,1214,-1,125,119,96,606,1320,1313,-7,"0","0","0","0","0","0","0"
"740123",2,18,3,"DL","ATL","DFW",1732,1732,0,153,152,121,731,1905,1904,-1,"0","0","0","0","0","0","0"
"2309787",5,27,3,"OO","ORD","DFW",947,1038,51,149,141,118,802,1216,1259,43,"0","0","0","0","1","0","0"
"533114",2,5,4,"UA","SFO","LAX",830,846,16,90,120,59,337,1000,1046,46,"0","0","1","0","0","0","0"
"677724",2,14,6,"DL","JFK","SFO",1630,1640,10,403,396,354,2586,2013,2016,3,"0","0","0","0","0","0","0"
"3919298",8,31,1,"AA","DFW","CLT",2015,2008,-7,163,136,116,936,2358,2324,-34,"0","0","0","0","0","0","0"
"5471053",12,9,3,"AS","SEA","SFO",1340,1336,-4,130,124,104,679,1550,1540,-10,"0","0","0","0","0","0","0"
"2509727",6,8,1,"DL","DEN","ATL",1300,1301,1,179,157,142,1199,1759,1738,-21,"0","0","0","0","0","0","0"
"4218427",9,20,7,"UA","SFO","LAS",1238,1236,-2,101,102,80,414,1419,1418,-1,"0","0","0","0","0","0","0"
"5811608",12,31,4,"OO","DFW","DEN",1134,1132,-2,137,135,103,641,1251,1247,-4,"0","0","0","0","0","0","0"
"242938",1,16,5,"AA","LAS","DFW",1639,1638,-1,156,166,130,1055,2115,2124,9,"0","0","0","0","0","0","0"
"1719225",4,20,1,"UA","SEA","DEN",1504,1508,4,159,149,125,1024,1843,1837,-6,"0","0","0","0","0","0","0"
"3989898",9,5,6,"UA","ORD","DEN",845,842,-3,158,140,123,888,1023,1002,-21,"0","0","0","0","0","0","0"
"2932670",7,3,5,"AA","LAX","DFW",1410,1407,-3,195,198,164,1235,1925,1925,0,"0","0","0","0","0","0","0"
"121601",1,8,4,"WN","LAX","LAS",1705,1739,34,65,57,39,236,1810,1836,26,"0","0","0","0","1","1","0"
"2637092",6,16,2,"UA","ORD","DEN",534,617,43,150,157,136,888,704,754,50,"0","0","1","0","0","0","1"
"4995540",11,8,7,"AA","LAX","SFO",1915,1922,7,87,80,57,337,2042,2042,0,"0","0","0","0","0","0","0"
"5636658",12,20,7,"AA","ORD","DEN",737,732,-5,164,153,135,888,921,905,-16,"0","0","0","0","0","0","0"
"2852830",6,28,7,"AA","CLT","DFW",1905,2014,69,163,152,130,936,2048,2146,58,"0","0","0","0","1","1","0"
"1914997",5,2,6,"DL","ATL","ORD",1610,1610,0,131,120,90,606,1721,1710,-11,"0","0","0","0","0","0","0"
"4088989",9,11,5,"AA","DFW","SFO",2035,2030,-5,230,217,189,1464,2225,2207,-18,"0","0","0","0","0","0","0"
"5599198",12,17,4,"DL","ORD","ATL",1800,1931,91,123,122,96,606,2103,2233,90,"0","0","0","0","1","1","0"
"494229",2,2,1,"AA","ORD","SFO",1610,1621,11,284,279,253,1846,1854,1900,6,"0","0","0","0","0","0","0"
"840819",2,25,3,"WN","ATL","LAX",855,856,1,315,289,273,1947,1110,1045,-25,"0","0","0","0","0","0","0"
"5173939",11,19,4,"DL","SEA","ATL",2231,2242,11,269,244,227,2182,600,546,-14,"0","0","0","0","0","0","0"
"5655455",12,21,1,"AA","DFW","LAX",1015,1016,1,205,208,186,1235,1140,1144,4,"0","0","0","0","0","0","0"
"4358565",9,29,2,"WN","LAS","SFO",1015,1014,-1,100,98,70,414,1155,1152,-3,"0","0","0","0","0","0","0"
"3730224",8,20,4,"UA","ORD","LAX",734,737,3,264,260,230,1744,958,957,-1,"0","0","0","0","0","0","0"
"3126756",7,15,3,"DL","SEA","ATL",1028,1039,11,295,289,267,2182,1823,1828,5,"0","0","0","0","0","0","0"
"1110450",3,13,5,"DL","SEA","ATL",2245,2251,6,275,275,248,2182,620,626,6,"0","0","0","0","0","0","0"
"779192",2,21,6,"UA","SFO","DEN",806,756,-10,156,163,126,967,1142,1139,-3,"0","0","0","0","0","0","0"
"2621654",6,15,1,"AA","ORD","LAX",715,731,16,271,269,239,1744,946,1000,14,"0","0","0","0","0","0","0"
"35557",1,3,6,"DL","JFK","LAS",1020,1018,-2,350,334,310,2248,1310,1252,-18,"0","0","0","0","0","0","0"
"133611",1,9,5,"UA","ORD","LAX",1305,1314,9,268,258,230,1744,1533,1532,-1,"0","0","0","0","0","0","0"
"3860037",8,28,5,"AA","DFW","ATL",715,712,-3,139,126,101,731,1034,1018,-16,"0","0","0","0","0","0","0"
"525148",2,4,3,"DL","ATL","ORD",1616,1646,30,124,124,87,606,1720,1750,30,"0","0","1","0","0","0","0"
"3406791",7,31,5,"AS","LAX","SEA",1840,1833,-7,155,146,127,954,2115,2059,-16,"0","0","0","0","0","0","0"
"5458818",12,8,2,"AS","LAX","SEA",1710,1700,-10,170,162,141,954,2000,1942,-18,"0","0","0","0","0","0","0"
"1282649",3,24,2,"UA","SFO","LAX",1520,1530,10,89,72,50,337,1649,1642,-7,"0","0","0","0","0","0","0"
"4060939",9,10,4,"WN","LAS","SEA",735,733,-2,155,148,131,867,1010,1001,-9,"0","0","0","0","0","0","0"
"2132208",5,16,6,"UA","LAX","DEN",545,550,5,143,126,106,862,908,856,-12,"0","0","0","0","0","0","0"
"5177453",11,20,5,"AA","ORD","DFW",830,838,8,160,145,124,802,1110,1103,-7,"0","0","0","0","0","0","0"
"4291870",9,24,4,"AA","SFO","JFK",2300,2257,-3,338,326,305,2586,738,723,-15,"0","0","0","0","0","0","0"
"5665537",12,21,1,"DL","JFK","LAX",2059,2125,26,396,404,342,2475,35,109,34,"0","0","1","0","1","1","0"
"485139",2,2,1,"WN","SEA","LAS",705,700,-5,140,133,113,867,925,913,-12,"0","0","0","0","0","0","0"
"3941159",9,2,3,"AS","LAS","SEA",915,928,13,146,172,127,867,1141,1220,39,"0","0","1","0","0","0","0"
"3113515",7,14,2,"DL","JFK","SFO",1430,1444,14,389,498,377,2586,1759,2002,123,"0","0","1","0","0","0","0"
"607578",2,10,2,"UA","DEN","SEA",805,800,-5,183,175,156,1024,1008,955,-13,"0","0","0","0","0","0","0"
"3558843",8,9,7,"UA","DFW","DEN",2012,2013,1,125,136,111,641,2117,2129,12,"0","0","0","0","0","0","0"
"37689",1,3,6,"WN","LAX","DEN",1240,1322,42,135,141,123,862,1555,1643,48,"0","0","1","0","1","1","0"
"2627247",6,15,1,"DL","ATL","CLT",1235,1243,8,73,66,42,226,1348,1349,1,"0","0","0","0","0","0","0"
"2412643",6,2,2,"UA","LAX","ORD",1505,1457,-8,256,235,205,1744,2121,2052,-29,"0","0","0","0","0","0","0"
"1921669",5,3,7,"DL","ATL","LAX",830,827,-3,290,279,245,1947,1020,1006,-14,"0","0","0","0","0","0","0"
"3688251",8,17,1,"AS","ORD","SEA",1530,1652,82,265,NA,NA,1721,1755,2144,NA,"1","0","0","0","0","0","0"
"4876994",11,1,7,"DL","DFW","ATL",1105,1101,-4,123,119,94,731,1408,1400,-8,"0","0","0","0","0","0","0"
"561542",2,6,5,"AS","SEA","LAS",2135,2128,-7,135,132,114,867,2350,2340,-10,"0","0","0","0","0","0","0"
"2679958",6,18,4,"AS","DFW","SEA",1335,1345,10,240,238,212,1660,1535,1543,8,"0","0","0","0","0","0","0"
"5075898",11,13,5,"DL","ATL","DFW",1735,1730,-5,150,146,120,731,1905,1856,-9,"0","0","0","0","0","0","0"
"2750067",6,22,1,"UA","LAX","SFO",1706,1836,90,84,72,50,337,1830,1948,78,"0","0","0","0","1","1","0"
"253549",1,17,6,"WN","LAS","LAX",1230,1228,-2,70,54,41,236,1340,1322,-18,"0","0","0","0","0","0","0"
"4197579",9,18,5,"UA","LAX","DEN",2001,1959,-2,141,119,103,862,2322,2258,-24,"0","0","0","0","0","0","0"
"2354825",5,29,5,"WN","LAS","DEN",2050,2046,-4,105,108,88,628,2335,2334,-1,"0","0","0","0","0","0","0"
"1902513",5,1,5,"AS","SEA","LAS",1850,1847,-3,139,151,123,867,2109,2118,9,"0","0","0","0","0","0","0"
"5262778",11,25,3,"AA","LAX","SFO",1815,1809,-6,83,77,59,337,1938,1926,-12,"0","0","0","0","0","0","0"
"3857746",8,27,4,"AA","LAX","LAS",2235,2235,0,83,76,44,236,2358,2351,-7,"0","0","0","0","0","0","0"
"5482584",12,10,4,"DL","LAS","LAX",900,857,-3,75,87,47,236,1015,1024,9,"0","0","0","0","0","0","0"
"4370643",9,30,3,"DL","LAX","SEA",635,648,13,159,159,134,954,914,927,13,"0","0","0","0","0","0","0"
"4238173",9,21,1,"OO","SFO","SEA",1550,1547,-3,125,122,86,679,1755,1749,-6,"0","0","0","0","0","0","0"
"3357915",7,28,2,"DL","SFO","JFK",2255,2252,-3,338,314,286,2586,733,706,-27,"0","0","0","0","0","0","0"
"5040841",11,11,3,"AA","ATL","CLT",1535,1529,-6,73,69,38,226,1648,1638,-10,"0","0","0","0","0","0","0"
"3850861",8,27,4,"DL","SEA","JFK",1445,1442,-3,326,312,285,2422,2311,2254,-17,"0","0","0","0","0","0","0"
"2199022",5,20,3,"DL","JFK","SFO",900,856,-4,404,414,371,2586,1244,1250,6,"0","0","0","0","0","0","0"
"3136859",7,15,3,"AA","DFW","SEA",2030,2036,6,257,243,216,1660,2247,2239,-8,"0","0","0","0","0","0","0"
"281291",1,19,1,"OO","ATL","ORD",1303,1309,6,125,111,96,606,1408,1400,-8,"0","0","0","0","0","0","0"
"632661",2,11,3,"AS","ATL","SEA",1810,1807,-3,340,329,307,2182,2050,2036,-14,"0","0","0","0","0","0","0"
"1538746",4,9,4,"DL","DEN","ATL",1030,1028,-2,175,156,137,1199,1525,1504,-21,"0","0","0","0","0","0","0"
"4122534",9,14,1,"DL","ATL","SEA",940,945,5,325,311,289,2182,1205,1156,-9,"0","0","0","0","0","0","0"
"2253129",5,23,6,"DL","JFK","ATL",1301,1256,-5,152,135,113,760,1533,1511,-22,"0","0","0","0","0","0","0"
"2047338",5,10,7,"UA","ORD","SFO",2225,2255,30,290,304,252,1846,115,159,44,"0","0","1","0","1","1","0"
"2334164",5,28,4,"AA","DEN","ORD",1710,1829,79,156,144,121,888,2046,2153,67,"0","0","0","0","1","1","0"
"527264",2,4,3,"UA","ORD","LAX",1824,1836,12,262,271,222,1744,2046,2107,21,"0","0","1","0","1","0","0"
"2829020",6,27,6,"OO","DEN","DFW",1000,1000,0,118,120,90,641,1258,1300,2,"0","0","0","0","0","0","0"
"5209679",11,22,7,"AA","DEN","CLT",1205,1226,21,187,175,154,1337,1712,1721,9,"0","0","0","0","0","0","0"
"4155212",9,16,3,"UA","LAX","JFK",1029,1029,0,331,312,288,2475,1900,1841,-19,"0","0","0","0","0","0","0"
"4246712",9,22,2,"DL","ATL","SEA",810,820,10,320,317,284,2182,1030,1037,7,"0","0","0","0","0","0","0"
"3486838",8,5,3,"UA","LAS","SFO",1456,1515,19,109,89,66,414,1645,1644,-1,"0","0","0","0","0","0","0"
"4329335",9,27,7,"AA","ORD","LAX",1400,1355,-5,280,237,221,1744,1640,1552,-48,"0","0","0","0","0","0","0"
"2182345",5,19,2,"DL","JFK","SFO",900,858,-2,404,397,357,2586,1244,1235,-9,"0","0","0","0","0","0","0"
"1549957",4,9,4,"DL","ATL","CLT",2300,2340,40,68,59,39,226,8,39,31,"0","0","0","0","0","1","0"
"5083269",11,14,6,"WN","ATL","LAX",900,858,-2,310,283,261,1947,1110,1041,-29,"0","0","0","0","0","0","0"
"2020047",5,9,6,"AS","SEA","LAX",700,655,-5,158,148,122,954,938,923,-15,"0","0","0","0","0","0","0"
"1755542",4,22,3,"AA","ORD","ATL",1815,1810,-5,122,108,88,606,2117,2058,-19,"0","0","0","0","0","0","0"
"3743501",8,20,4,"WN","ATL","LAX",2040,2127,47,290,286,254,1947,2230,2313,43,"0","0","0","0","1","1","0"
"1168915",3,17,2,"DL","JFK","SEA",1605,1608,3,381,398,365,2422,1926,1946,20,"0","0","1","0","0","0","0"
"5774636",12,29,2,"AA","SEA","ORD",620,929,189,245,247,214,1721,1225,1536,191,"0","0","1","0","1","0","0"
"2051494",5,11,1,"DL","LAX","SEA",855,850,-5,165,158,131,954,1140,1128,-12,"0","0","0","0","0","0","0"
"1727125",4,21,2,"DL","LAS","LAX",625,621,-4,75,62,39,236,740,723,-17,"0","0","0","0","0","0","0"
"3835030",8,26,3,"AA","DFW","LAX",1540,1541,1,205,181,158,1235,1705,1642,-23,"0","0","0","0","0","0","0"
"757497",2,19,4,"UA","LAX","SFO",1836,1850,14,83,69,51,337,1959,1959,0,"0","0","0","0","0","0","0"
"2614319",6,14,7,"OO","DFW","SFO",1700,1654,-6,235,248,209,1464,1855,1902,7,"0","0","0","0","0","0","0"
"976430",3,5,4,"AA","ATL","LAX",1830,1828,-2,297,292,265,1947,2027,2020,-7,"0","0","0","0","0","0","0"
"3996886",9,5,6,"UA","SFO","SEA",1730,1728,-2,125,130,105,679,1935,1938,3,"0","0","0","0","0","0","0"
"2891128",7,1,3,"UA","SFO","LAX",654,648,-6,96,142,59,337,830,910,40,"0","0","1","0","0","0","0"
"2946552",7,4,6,"DL","CLT","ATL",1435,1429,-6,82,67,43,226,1557,1536,-21,"0","0","0","0","0","0","0"
"4877236",11,1,7,"UA","DEN","SFO",1120,1121,1,175,166,142,967,1315,1307,-8,"0","0","0","0","0","0","0"
"3312782",7,26,7,"WN","LAS","DEN",1130,1146,16,115,110,85,628,1425,1436,11,"0","0","0","0","0","0","0"
"750481",2,19,4,"AA","CLT","DFW",1140,1133,-7,179,172,147,936,1339,1325,-14,"0","0","0","0","0","0","0"
"1304508",3,25,3,"WN","DEN","LAS",2050,2059,9,120,108,87,628,2150,2147,-3,"0","0","0","0","0","0","0"
"4356541",9,29,2,"DL","JFK","LAX",815,814,-1,370,371,319,2475,1125,1125,0,"0","0","0","0","0","0","0"
"4973760",11,7,6,"AA","DEN","CLT",1010,1008,-2,193,180,153,1337,1523,1508,-15,"0","0","0","0","0","0","0"
"5675827",12,22,2,"AA","LAS","JFK",1430,1525,55,300,281,258,2248,2230,2306,36,"0","0","1","0","0","0","0"
"3728803",8,20,4,"WN","LAS","ATL",620,617,-3,235,226,210,1747,1315,1303,-12,"0","0","0","0","0","0","0"
"5628277",12,19,6,"AA","ORD","DEN",1431,1430,-1,162,160,138,888,1613,1610,-3,"0","0","0","0","0","0","0"
"380853",1,26,1,"DL","DFW","ATL",700,704,4,128,133,111,731,1008,1017,9,"0","0","0","0","0","0","0"
"5762011",12,28,1,"UA","DEN","SFO",1000,1000,0,176,151,127,967,1156,1131,-25,"0","0","0","0","0","0","0"
"1285423",3,24,2,"AA","LAX","LAS",1805,1802,-3,74,63,41,236,1919,1905,-14,"0","0","0","0","0","0","0"
"3870176",8,28,5,"AS","LAS","SEA",1710,1703,-7,160,151,124,867,1950,1934,-16,"0","0","0","0","0","0","0"
"507928",2,3,2,"AA","ORD","LAX",1413,1414,1,268,273,244,1744,1641,1647,6,"0","0","0","0","0","0","0"
"3549194",8,9,7,"AA","ATL","CLT",1040,1037,-3,77,67,40,226,1157,1144,-13,"0","0","0","0","0","0","0"
"235797",1,16,5,"UA","JFK","SFO",930,924,-6,391,381,338,2586,1301,1245,-16,"0","0","0","0","0","0","0"
